2014 01 01 11 00
2014 01 01 13 06
2014 01 01 16 44
2014 01 03 08 06
2014 01 03 10 36
2014 01 03 16 07
2014 01 03 22 07
2014 01 03 22 16
2014 01 04 01 31
2014 01 04 04 53
2014 01 04 05 09
2014 01 04 05 22
2014 01 04 08 48
2014 01 04 12 00
2014 01 04 14 28
2014 01 04 16 30
2014 01 05 08 58
2014 01 05 18 18
2014 01 06 01 02
2014 01 06 15 30
2014 01 06 16 18
2014 01 06 17 34
2014 01 07 20 47
2014 01 08 06 13
2014 01 08 10 26
2014 01 08 15 22
2014 01 08 17 12
2014 01 08 19 32
2014 01 08 19 54
2014 01 09 15 18
2014 01 09 16 00
2014 01 09 23 50
2014 01 10 00 53
2014 01 10 01 52
2014 01 10 18 55
2014 01 10 19 28
2014 01 11 01 14
2014 01 11 10 06
2014 01 11 16 31
2014 01 11 18 24
2014 01 13 00 00
2014 01 13 00 06
2014 01 14 14 40
2014 01 15 00 58
2014 01 15 01 08
2014 01 15 04 24
2014 01 15 15 14
2014 01 16 06 31
2014 01 16 09 28
2014 01 16 09 36
2014 01 17 00 27
2014 01 17 17 36
2014 01 17 23 08
2014 01 17 23 22
2014 01 18 04 40
2014 01 18 05 15
2014 01 18 23 36
2014 01 19 12 23
2014 01 20 01 17
2014 01 20 11 12
2014 01 20 23 05
2014 01 21 08 45
2014 01 21 15 12
2014 01 22 02 40
2014 01 22 10 36
2014 01 22 12 15
2014 01 23 00 54
2014 01 23 09 55
2014 01 23 16 21
2014 01 24 05 14
2014 01 24 09 57
2014 01 24 17 14
2014 01 25 02 02
2014 01 25 03 12
2014 01 25 06 53
2014 01 25 21 19
2014 01 26 00 08
2014 01 26 04 56
2014 01 27 03 12
2014 01 27 10 45
2014 01 27 11 21
2014 01 27 14 24
2014 01 27 19 20
2014 01 28 06 23
2014 01 28 18 10
2014 02 01 10 34
2014 02 01 12 46
2014 02 01 22 22
2014 02 01 22 23
2014 02 02 02 57
2014 02 02 08 02
2014 02 02 15 32
2014 02 03 07 08
2014 02 04 01 55
2014 02 04 04 02
2014 02 04 05 33
2014 02 04 06 32
2014 02 04 14 22
2014 02 04 17 28
2014 02 05 04 12
2014 02 05 21 25
2014 02 06 00 12
2014 02 06 02 51
2014 02 06 17 39
2014 02 07 15 08
2014 02 07 18 16
2014 02 07 19 34
2014 02 07 20 06
2014 02 08 01 20
2014 02 08 03 44
2014 02 08 10 54
2014 02 08 19 57
2014 02 10 09 47
2014 02 10 15 45
2014 02 10 19 55
2014 02 10 22 51
2014 02 11 11 13
2014 02 12 00 20
2014 02 12 05 24
2014 02 12 05 28
2014 02 12 06 37
2014 02 12 11 05
2014 02 12 21 46
2014 02 12 22 38
2014 02 14 03 08
2014 02 14 03 25
2014 02 16 07 57
2014 02 17 01 12
2014 02 17 06 58
2014 02 17 21 42
2014 02 18 19 12
2014 02 18 20 40
2014 02 19 01 03
2014 02 19 02 48
2014 02 19 03 45
2014 02 19 06 01
2014 02 19 15 53
2014 02 19 20 46
2014 02 19 22 00
2014 02 20 01 17
2014 02 20 15 56
2014 02 20 18 20
2014 02 21 15 22
2014 02 22 18 53
2014 02 22 20 36
2014 02 22 21 03
2014 02 23 01 32
2014 02 23 06 49
2014 02 23 13 13
2014 02 23 15 59
2014 02 24 04 27
2014 02 24 17 02
2014 02 24 17 41
2014 02 25 05 00
2014 02 25 08 27
2014 02 25 13 45
2014 02 25 16 42
2014 02 25 23 56
2014 02 26 01 21
2014 02 26 04 47
2014 02 26 07 40
2014 02 26 22 44
2014 02 27 01 02
2014 02 27 12 51
2014 02 27 12 57
2014 02 27 18 42
2014 02 27 20 07
2014 02 28 01 18
2014 02 28 06 58
2014 02 28 07 30
2014 02 28 07 50
2014 02 28 16 31
2014 02 28 19 38
2014 03 01 02 25
2014 03 01 07 14
2014 03 01 11 08
2014 03 01 16 17
2014 03 01 19 37
2014 03 01 23 01
2014 03 01 23 26
2014 03 02 02 53
2014 03 02 12 27
2014 03 03 02 37
2014 03 03 09 22
2014 03 04 06 03
2014 03 04 07 03
2014 03 04 17 22
2014 03 05 03 08
2014 03 05 05 31
2014 03 05 15 15
2014 03 05 18 32
2014 03 05 18 39
2014 03 05 21 11
2014 03 05 22 47
2014 03 06 04 27
2014 03 06 05 03
2014 03 06 05 16
2014 03 06 22 31
2014 03 08 03 35
2014 03 08 11 06
2014 03 09 04 24
2014 03 09 09 54
2014 03 09 16 40
2014 03 09 21 01
2014 03 10 03 06
2014 03 10 05 50
2014 03 11 00 39
2014 03 11 16 09
2014 03 12 04 32
2014 03 12 12 17
2014 03 12 22 39
2014 03 13 00 23
2014 03 13 07 48
2014 03 13 13 29
2014 03 13 21 23
2014 03 14 04 04
2014 03 14 09 31
2014 03 14 10 51
2014 03 14 17 46
2014 03 15 08 20
2014 03 16 09 01
2014 03 16 11 12
2014 03 16 16 34
2014 03 16 21 02
2014 03 16 21 53
2014 03 18 05 56
2014 03 18 12 08
2014 03 18 13 05
2014 03 18 17 24
2014 03 19 02 20
2014 03 19 04 36
2014 03 19 05 40
2014 03 20 00 49
2014 03 21 02 56
2014 03 21 18 55
2014 03 22 06 09
2014 03 22 06 51
2014 03 22 14 23
2014 03 22 21 33
2014 03 23 03 23
2014 03 23 13 34
2014 03 23 14 36
2014 03 25 20 17
2014 03 26 08 01
2014 03 27 04 33
2014 03 27 18 40
2014 03 27 18 41
2014 03 27 20 50
2014 03 27 22 11
2014 03 28 08 27
2014 03 28 16 32
2014 03 28 18 59
2014 03 28 22 20
2014 04 01 03 05
2014 04 01 03 46
2014 04 01 14 15
2014 04 01 14 26
2014 04 01 14 38
2014 04 01 20 02
2014 04 02 00 58
2014 04 02 06 22
2014 04 02 19 58
2014 04 03 06 54
2014 04 03 08 25
2014 04 03 22 42
2014 04 05 02 59
2014 04 05 13 48
2014 04 05 13 58
2014 04 05 22 41
2014 04 06 23 02
2014 04 06 23 41
2014 04 07 09 03
2014 04 07 09 26
2014 04 07 14 10
2014 04 08 02 24
2014 04 09 05 43
2014 04 09 09 56
2014 04 09 14 05
2014 04 10 04 36
2014 04 10 04 46
2014 04 10 05 32
2014 04 10 12 01
2014 04 10 23 18
2014 04 11 08 19
2014 04 11 10 03
2014 04 11 20 06
2014 04 12 08 56
2014 04 12 11 49
2014 04 13 00 53
2014 04 13 09 57
2014 04 13 16 13
2014 04 14 21 02
2014 04 15 03 44
2014 04 15 17 01
2014 04 16 00 40
2014 04 16 07 22
2014 04 16 08 03
2014 04 16 14 15
2014 04 16 16 05
2014 04 16 22 14
2014 04 17 04 01
2014 04 17 08 16
2014 04 17 13 31
2014 04 17 13 49
2014 04 17 19 51
2014 04 18 10 23
2014 04 18 12 22
2014 04 18 14 39
2014 04 18 20 57
2014 04 19 01 10
2014 04 19 12 03
2014 04 19 12 15
2014 04 19 16 49
2014 04 20 01 06
2014 04 20 01 42
2014 04 20 14 13
2014 04 20 23 38
2014 04 21 06 46
2014 04 21 06 59
2014 04 21 09 21
2014 04 21 13 49
2014 04 22 15 34
2014 04 23 07 51
2014 04 23 18 36
2014 04 23 19 20
2014 04 23 23 44
2014 04 24 02 25
2014 04 24 07 44
2014 04 24 23 30
2014 04 25 01 02
2014 04 25 10 40
2014 04 26 00 55
2014 04 26 04 00
2014 04 26 04 45
2014 04 26 05 22
2014 04 26 06 22
2014 04 26 09 31
2014 04 26 10 35
2014 04 27 10 32
2014 04 27 14 18
2014 04 27 20 55
2014 04 27 21 22
2014 04 28 01 11
2014 04 28 01 33
2014 04 28 04 14
2014 04 28 05 31
2014 05 01 20 46
2014 05 01 23 05
2014 05 02 07 01
2014 05 03 05 47
2014 05 03 13 44
2014 05 03 20 44
2014 05 04 02 52
2014 05 04 03 02
2014 05 04 21 04
2014 05 05 09 55
2014 05 05 14 19
2014 05 06 04 28
2014 05 06 04 28
2014 05 06 08 34
2014 05 06 16 40
2014 05 07 01 26
2014 05 08 05 14
2014 05 08 14 35
2014 05 08 20 57
2014 05 08 23 33
2014 05 09 02 24
2014 05 09 23 22
2014 05 09 23 47
2014 05 10 13 53
2014 05 10 14 52
2014 05 10 16 58
2014 05 11 02 51
2014 05 11 07 59
2014 05 12 03 24
2014 05 12 03 52
2014 05 12 07 39
2014 05 13 00 38
2014 05 13 03 50
2014 05 13 12 29
2014 05 13 19 55
2014 05 13 20 36
2014 05 13 23 16
2014 05 14 00 04
2014 05 14 06 42
2014 05 14 07 34
2014 05 14 15 06
2014 05 14 23 52
2014 05 15 01 34
2014 05 15 10 40
2014 05 15 20 06
2014 05 15 21 13
2014 05 16 07 52
2014 05 16 19 18
2014 05 17 00 26
2014 05 17 17 00
2014 05 17 22 22
2014 05 18 18 16
2014 05 19 19 05
2014 05 19 19 32
2014 05 20 02 42
2014 05 20 12 36
2014 05 20 14 43
2014 05 20 15 36
2014 05 20 17 20
2014 05 20 17 59
2014 05 21 07 26
2014 05 21 08 16
2014 05 21 10 27
2014 05 21 21 15
2014 05 22 07 02
2014 05 22 16 15
2014 05 22 20 28
2014 05 22 21 21
2014 05 22 22 17
2014 05 23 05 33
2014 05 23 22 05
2014 05 24 02 43
2014 05 24 15 38
2014 05 24 19 18
2014 05 25 06 58
2014 05 25 10 16
2014 05 25 11 23
2014 05 25 13 19
2014 05 26 03 09
2014 05 26 15 13
2014 05 26 20 38
2014 05 27 01 46
2014 05 27 05 56
2014 05 27 16 35
2014 05 27 19 31
2014 05 28 08 21
2014 05 28 11 57
2014 05 28 13 13
2014 05 28 14 32
2014 06 01 00 45
2014 06 01 04 11
2014 06 01 05 53
2014 06 01 08 33
2014 06 01 08 37
2014 06 01 11 51
2014 06 01 14 21
2014 06 01 19 55
2014 06 02 06 55
2014 06 03 04 22
2014 06 03 14 13
2014 06 03 16 47
2014 06 03 22 08
2014 06 04 05 34
2014 06 04 07 51
2014 06 04 12 59
2014 06 05 13 40
2014 06 05 14 32
2014 06 05 18 03
2014 06 06 18 16
2014 06 06 18 33
2014 06 06 19 43
2014 06 07 03 33
2014 06 07 04 19
2014 06 07 07 57
2014 06 07 16 01
2014 06 07 17 42
2014 06 07 21 02
2014 06 07 22 26
2014 06 08 04 23
2014 06 08 08 01
2014 06 08 11 03
2014 06 08 15 46
2014 06 09 04 40
2014 06 09 15 18
2014 06 10 01 39
2014 06 10 03 13
2014 06 10 03 24
2014 06 10 07 21
2014 06 10 07 30
2014 06 10 17 02
2014 06 10 19 12
2014 06 11 17 48
2014 06 11 20 51
2014 06 11 22 47
2014 06 12 01 39
2014 06 12 06 27
2014 06 12 16 04
2014 06 12 16 09
2014 06 12 17 01
2014 06 12 17 32
2014 06 13 23 00
2014 06 14 01 00
2014 06 14 13 37
2014 06 15 12 18
2014 06 15 21 59
2014 06 16 04 44
2014 06 16 10 03
2014 06 16 21 17
2014 06 16 23 15
2014 06 17 04 53
2014 06 17 12 16
2014 06 17 21 20
2014 06 18 00 39
2014 06 18 09 12
2014 06 18 11 17
2014 06 18 15 58
2014 06 18 22 54
2014 06 19 18 44
2014 06 20 06 23
2014 06 21 07 40
2014 06 21 11 41
2014 06 22 03 05
2014 06 22 03 40
2014 06 22 13 56
2014 06 22 14 09
2014 06 22 15 28
2014 06 22 20 23
2014 06 23 04 46
2014 06 23 08 26
2014 06 24 16 23
2014 06 24 17 18
2014 06 24 22 51
2014 06 24 23 48
2014 06 25 06 42
2014 06 25 06 58
2014 06 25 21 28
2014 06 26 03 54
2014 06 26 07 11
2014 06 26 20 58
2014 06 26 22 10
2014 06 27 03 50
2014 06 27 07 21
2014 06 27 12 05
2014 06 27 12 39
2014 06 27 12 49
2014 06 27 13 42
2014 06 28 13 54
2014 06 28 15 29
2014 06 28 16 01
2014 06 28 17 37
2014 06 28 22 43
2014 07 01 07 17
2014 07 01 08 59
2014 07 01 13 12
2014 07 02 07 07
2014 07 02 13 31
2014 07 03 03 33
2014 07 03 04 07
2014 07 03 07 32
2014 07 03 12 34
2014 07 04 03 09
2014 07 04 10 40
2014 07 05 03 54
2014 07 05 20 21
2014 07 05 20 45
2014 07 06 05 24
2014 07 06 12 28
2014 07 06 20 13
2014 07 06 23 27
2014 07 07 08 53
2014 07 07 15 52
2014 07 08 02 54
2014 07 08 17 21
2014 07 08 21 20
2014 07 09 03 33
2014 07 09 19 08
2014 07 10 04 48
2014 07 10 13 06
2014 07 10 16 26
2014 07 10 17 17
2014 07 10 20 00
2014 07 10 22 47
2014 07 11 02 42
2014 07 11 03 54
2014 07 11 05 58
2014 07 11 10 59
2014 07 12 02 40
2014 07 12 14 31
2014 07 12 18 53
2014 07 13 08 07
2014 07 13 18 33
2014 07 14 19 35
2014 07 15 06 36
2014 07 15 11 53
2014 07 15 13 56
2014 07 15 19 53
2014 07 16 02 36
2014 07 16 03 15
2014 07 16 03 45
2014 07 16 15 42
2014 07 16 21 00
2014 07 17 00 19
2014 07 17 13 47
2014 07 18 03 11
2014 07 18 20 32
2014 07 18 21 20
2014 07 20 08 34
2014 07 20 12 30
2014 07 20 15 14
2014 07 21 05 55
2014 07 21 21 34
2014 07 22 15 27
2014 07 22 18 03
2014 07 22 22 34
2014 07 23 04 17
2014 07 23 08 16
2014 07 23 11 14
2014 07 23 13 48
2014 07 24 03 01
2014 07 25 08 57
2014 07 25 13 37
2014 07 26 01 28
2014 07 27 03 42
2014 07 27 08 40
2014 07 27 17 09
2014 07 27 19 03
2014 07 27 19 38
2014 07 27 19 53
2014 07 28 14 35
2014 08 01 08 57
2014 08 01 15 40
2014 08 01 20 29
2014 08 01 22 50
2014 08 02 03 54
2014 08 02 11 33
2014 08 02 15 48
2014 08 02 15 52
2014 08 02 21 27
2014 08 02 23 12
2014 08 02 23 56
2014 08 03 05 18
2014 08 04 10 50
2014 08 04 13 21
2014 08 04 17 28
2014 08 05 02 01
2014 08 05 14 33
2014 08 06 01 46
2014 08 06 16 04
2014 08 07 08 29
2014 08 07 20 15
2014 08 08 08 59
2014 08 10 04 17
2014 08 10 08 17
2014 08 10 12 21
2014 08 11 15 59
2014 08 11 21 28
2014 08 11 22 01
2014 08 11 22 21
2014 08 12 03 20
2014 08 12 04 44
2014 08 12 16 50
2014 08 12 20 23
2014 08 13 08 56
2014 08 13 14 13
2014 08 13 18 52
2014 08 13 22 43
2014 08 14 03 02
2014 08 14 20 33
2014 08 15 04 05
2014 08 15 05 39
2014 08 15 13 26
2014 08 17 01 47
2014 08 17 02 28
2014 08 17 06 46
2014 08 18 02 32
2014 08 18 12 28
2014 08 18 15 58
2014 08 18 22 42
2014 08 19 03 42
2014 08 19 23 51
2014 08 20 02 09
2014 08 20 08 17
2014 08 20 15 28
2014 08 20 16 28
2014 08 20 17 39
2014 08 20 17 55
2014 08 21 20 48
2014 08 22 01 46
2014 08 22 03 11
2014 08 22 12 19
2014 08 22 18 34
2014 08 23 00 25
2014 08 23 13 47
2014 08 23 15 24
2014 08 23 21 07
2014 08 24 09 28
2014 08 24 13 43
2014 08 24 19 24
2014 08 25 16 41
2014 08 26 11 19
2014 08 26 14 40
2014 08 27 03 36
2014 08 27 15 07
2014 08 28 05 17
2014 08 28 08 08
2014 09 01 03 20
2014 09 01 16 39
2014 09 01 22 26
2014 09 02 08 45
2014 09 02 14 46
2014 09 02 15 50
2014 09 02 18 06
2014 09 03 09 15
2014 09 04 01 59
2014 09 04 03 05
2014 09 04 03 48
2014 09 04 18 44
2014 09 04 22 51
2014 09 05 11 30
2014 09 05 17 53
2014 09 05 22 57
2014 09 06 03 02
2014 09 06 05 54
2014 09 07 15 54
2014 09 08 05 03
2014 09 08 09 55
2014 09 09 01 22
2014 09 09 05 35
2014 09 10 08 38
2014 09 10 11 15
2014 09 10 12 33
2014 09 11 01 01
2014 09 11 05 30
2014 09 11 09 13
2014 09 12 03 17
2014 09 12 10 14
2014 09 12 13 48
2014 09 13 10 52
2014 09 13 17 33
2014 09 14 02 23
2014 09 14 03 01
2014 09 14 03 34
2014 09 14 08 43
2014 09 14 12 50
2014 09 14 20 37
2014 09 16 01 19
2014 09 16 07 40
2014 09 16 13 29
2014 09 16 19 19
2014 09 17 16 21
2014 09 17 18 22
2014 09 17 19 37
2014 09 17 21 54
2014 09 19 04 39
2014 09 19 09 46
2014 09 20 10 36
2014 09 20 19 34
2014 09 21 01 59
2014 09 21 13 14
2014 09 21 14 40
2014 09 21 23 28
2014 09 22 05 14
2014 09 22 07 17
2014 09 22 12 20
2014 09 22 13 00
2014 09 22 13 11
2014 09 23 03 23
2014 09 23 04 58
2014 09 23 05 17
2014 09 23 06 35
2014 09 23 09 11
2014 09 23 17 46
2014 09 24 01 11
2014 09 24 12 06
2014 09 25 13 59
2014 09 25 16 04
2014 09 25 16 23
2014 09 26 09 47
2014 09 26 19 37
2014 09 26 22 06
2014 09 27 04 23
2014 09 27 14 21
2014 09 27 14 33
2014 09 27 22 48
2014 09 28 01 06
2014 09 28 01 58
2014 09 28 05 25
2014 09 28 22 18
2014 10 01 07 30
2014 10 01 09 17
2014 10 01 20 36
2014 10 01 21 25
2014 10 02 01 16
2014 10 02 12 41
2014 10 02 21 27
2014 10 03 00 40
2014 10 03 00 59
2014 10 03 06 11
2014 10 03 16 37
2014 10 03 16 40
2014 10 05 11 09
2014 10 06 03 06
2014 10 06 06 10
2014 10 06 09 47
2014 10 06 13 33
2014 10 07 03 19
2014 10 07 12 23
2014 10 08 03 54
2014 10 08 06 18
2014 10 08 09 15
2014 10 08 09 45
2014 10 08 11 38
2014 10 08 11 55
2014 10 08 12 42
2014 10 08 12 49
2014 10 09 03 20
2014 10 09 10 32
2014 10 09 22 13
2014 10 10 12 59
2014 10 10 20 10
2014 10 11 14 10
2014 10 11 17 46
2014 10 11 19 00
2014 10 12 02 30
2014 10 12 02 41
2014 10 12 02 53
2014 10 12 07 43
2014 10 12 19 04
2014 10 14 00 51
2014 10 14 13 38
2014 10 14 17 22
2014 10 14 23 08
2014 10 15 04 44
2014 10 16 14 56
2014 10 16 17 41
2014 10 17 02 05
2014 10 17 02 07
2014 10 17 06 24
2014 10 18 05 52
2014 10 18 18 41
2014 10 18 20 00
2014 10 19 00 13
2014 10 19 09 45
2014 10 19 19 16
2014 10 20 13 59
2014 10 21 00 51
2014 10 22 04 41
2014 10 22 08 01
2014 10 22 09 16
2014 10 22 16 14
2014 10 23 03 21
2014 10 23 07 35
2014 10 24 03 02
2014 10 24 04 27
2014 10 24 06 59
2014 10 24 16 33
2014 10 25 02 17
2014 10 25 04 21
2014 10 25 07 18
2014 10 25 11 43
2014 10 26 09 50
2014 10 26 10 43
2014 10 27 05 18
2014 10 27 10 19
2014 10 27 11 16
2014 10 27 23 32
2014 10 28 07 44
2014 10 28 18 55
2014 11 01 04 47
2014 11 01 19 04
2014 11 02 01 52
2014 11 02 01 55
2014 11 02 16 28
2014 11 03 08 50
2014 11 03 14 33
2014 11 03 19 46
2014 11 03 20 33
2014 11 03 23 39
2014 11 03 23 45
2014 11 04 00 22
2014 11 04 15 42
2014 11 04 21 26
2014 11 05 00 09
2014 11 05 05 48
2014 11 05 08 56
2014 11 05 16 45
2014 11 05 17 54
2014 11 06 02 23
2014 11 06 03 32
2014 11 06 06 03
2014 11 06 07 48
2014 11 06 08 56
2014 11 06 10 54
2014 11 06 11 51
2014 11 06 17 17
2014 11 06 20 52
2014 11 06 22 09
2014 11 07 19 42
2014 11 08 07 59
2014 11 08 11 34
2014 11 08 13 38
2014 11 09 07 21
2014 11 09 12 51
2014 11 09 20 17
2014 11 09 20 28
2014 11 10 01 28
2014 11 10 14 21
2014 11 11 01 58
2014 11 11 03 52
2014 11 11 09 58
2014 11 11 14 09
2014 11 11 19 06
2014 11 12 01 21
2014 11 12 08 25
2014 11 12 13 08
2014 11 12 14 36
2014 11 12 18 51
2014 11 13 10 23
2014 11 13 17 02
2014 11 13 20 42
2014 11 13 23 07
2014 11 14 12 34
2014 11 14 19 48
2014 11 15 00 25
2014 11 15 16 01
2014 11 16 10 29
2014 11 16 15 03
2014 11 17 12 43
2014 11 17 13 50
2014 11 17 21 56
2014 11 18 05 37
2014 11 19 07 52
2014 11 19 10 10
2014 11 19 20 09
2014 11 19 21 07
2014 11 19 23 35
2014 11 19 23 58
2014 11 20 03 39
2014 11 20 09 02
2014 11 20 13 05
2014 11 20 22 28
2014 11 20 22 59
2014 11 21 15 31
2014 11 21 16 13
2014 11 21 19 52
2014 11 22 18 29
2014 11 23 01 15
2014 11 23 04 29
2014 11 23 11 28
2014 11 24 04 34
2014 11 24 07 57
2014 11 24 14 07
2014 11 24 17 41
2014 11 25 01 38
2014 11 25 02 01
2014 11 26 09 41
2014 11 27 05 26
2014 11 27 11 37
2014 11 27 12 24
2014 12 01 07 26
2014 12 02 16 38
2014 12 02 22 24
2014 12 03 00 27
2014 12 03 06 14
2014 12 03 14 25
2014 12 03 23 40
2014 12 04 00 39
2014 12 04 06 45
2014 12 04 07 41
2014 12 04 23 58
2014 12 05 04 01
2014 12 05 08 45
2014 12 05 19 08
2014 12 06 03 42
2014 12 06 17 42
2014 12 08 00 09
2014 12 08 01 02
2014 12 08 23 29
2014 12 09 05 21
2014 12 09 12 09
2014 12 10 02 57
2014 12 10 03 31
2014 12 10 09 35
2014 12 10 15 31
2014 12 10 16 16
2014 12 10 16 59
2014 12 11 10 38
2014 12 11 22 39
2014 12 12 00 53
2014 12 12 07 00
2014 12 12 21 19
2014 12 12 21 43
2014 12 13 10 23
2014 12 13 11 22
2014 12 13 12 00
2014 12 14 07 58
2014 12 14 13 45
2014 12 14 15 00
2014 12 14 16 01
2014 12 14 20 44
2014 12 15 21 46
2014 12 16 13 06
2014 12 17 01 01
2014 12 17 09 28
2014 12 17 11 51
2014 12 17 13 56
2014 12 17 16 14
2014 12 17 18 53
2014 12 18 02 39
2014 12 18 15 04
2014 12 19 10 56
2014 12 19 17 33
2014 12 20 14 36
2014 12 21 18 36
2014 12 22 01 46
2014 12 22 12 50
2014 12 22 19 49
2014 12 23 02 13
2014 12 23 09 37
2014 12 23 19 44
2014 12 23 21 34
2014 12 23 22 57
2014 12 24 13 39
2014 12 25 17 25
2014 12 26 04 10
2014 12 26 10 56
2014 12 26 12 33
2014 12 26 18 25
2014 12 27 06 18
2014 12 27 14 49
2014 12 27 18 50
2014 12 27 23 03
2014 12 28 10 24
2014 12 28 10 35
2014 12 28 21 31
2014 12 28 21 40
2014 12 28 22 53
2015 01 01 13 19
2015 01 01 20 57
2015 01 02 01 50
2015 01 02 17 58
2015 01 02 19 07
2015 01 03 08 59
2015 01 03 09 47
2015 01 03 12 06
2015 01 03 14 21
2015 01 03 18 26
2015 01 04 01 42
2015 01 04 02 43
2015 01 04 09 01
2015 01 05 04 28
2015 01 05 10 48
2015 01 05 17 17
2015 01 05 21 06
2015 01 05 21 27
2015 01 06 03 49
2015 01 07 12 13
2015 01 07 14 41
2015 01 07 22 06
2015 01 08 11 38
2015 01 08 15 52
2015 01 09 04 42
2015 01 09 15 23
2015 01 10 01 59
2015 01 10 07 24
2015 01 10 12 31
2015 01 10 13 45
2015 01 11 00 12
2015 01 11 09 55
2015 01 11 11 51
2015 01 11 19 52
2015 01 12 02 02
2015 01 12 04 15
2015 01 12 13 26
2015 01 12 14 24
2015 01 12 17 03
2015 01 12 23 20
2015 01 13 04 10
2015 01 13 21 53
2015 01 14 00 28
2015 01 14 00 33
2015 01 14 01 44
2015 01 14 08 10
2015 01 14 11 54
2015 01 14 14 44
2015 01 15 09 06
2015 01 15 11 32
2015 01 16 02 15
2015 01 16 04 07
2015 01 16 05 50
2015 01 16 07 52
2015 01 16 23 24
2015 01 18 03 28
2015 01 18 19 23
2015 01 18 20 55
2015 01 19 10 41
2015 01 19 14 35
2015 01 19 19 25
2015 01 19 22 24
2015 01 20 00 51
2015 01 20 07 02
2015 01 20 08 07
2015 01 20 11 51
2015 01 20 20 35
2015 01 21 12 05
2015 01 21 17 26
2015 01 22 01 37
2015 01 22 02 29
2015 01 23 11 25
2015 01 23 17 57
2015 01 24 13 56
2015 01 24 23 06
2015 01 25 04 58
2015 01 26 03 42
2015 01 26 12 37
2015 01 27 00 02
2015 01 27 04 27
2015 01 27 18 58
2015 01 27 18 59
2015 01 28 02 19
2015 01 28 14 44
2015 01 28 15 40
2015 02 01 00 22
2015 02 01 00 57
2015 02 01 16 02
2015 02 01 16 33
2015 02 02 01 26
2015 02 02 03 58
2015 02 02 06 46
2015 02 02 10 26
2015 02 02 12 11
2015 02 02 13 56
2015 02 02 15 28
2015 02 02 19 03
2015 02 02 20 14
2015 02 03 18 58
2015 02 03 19 35
2015 02 04 10 29
2015 02 04 21 22
2015 02 06 07 07
2015 02 06 07 13
2015 02 06 19 09
2015 02 06 20 55
2015 02 07 18 36
2015 02 08 08 37
2015 02 08 10 16
2015 02 08 12 48
2015 02 08 22 27
2015 02 09 00 22
2015 02 09 07 40
2015 02 09 09 00
2015 02 09 10 57
2015 02 10 00 15
2015 02 10 17 23
2015 02 11 01 07
2015 02 12 05 11
2015 02 12 12 01
2015 02 12 13 03
2015 02 13 08 46
2015 02 13 13 45
2015 02 13 19 02
2015 02 13 19 37
2015 02 14 05 56
2015 02 14 19 20
2015 02 15 04 30
2015 02 15 10 12
2015 02 15 11 08
2015 02 15 15 30
2015 02 15 22 34
2015 02 16 01 39
2015 02 16 21 11
2015 02 17 03 39
2015 02 17 11 25
2015 02 18 01 02
2015 02 18 06 32
2015 02 18 21 55
2015 02 19 10 03
2015 02 19 13 25
2015 02 20 05 13
2015 02 20 13 04
2015 02 21 01 16
2015 02 21 06 30
2015 02 21 08 18
2015 02 21 13 23
2015 02 21 13 46
2015 02 21 22 42
2015 02 22 00 17
2015 02 22 07 16
2015 02 22 16 24
2015 02 23 19 14
2015 02 23 19 54
2015 02 24 04 18
2015 02 24 13 26
2015 02 25 01 32
2015 02 25 06 26
2015 02 25 07 20
2015 02 25 10 12
2015 02 25 20 52
2015 02 26 15 02
2015 02 26 21 45
2015 02 27 04 26
2015 02 27 07 00
2015 02 27 13 51
2015 02 27 17 05
2015 02 27 18 19
2015 02 28 11 46
2015 02 28 14 29
2015 02 28 20 57
2015 02 28 23 24
2015 03 01 00 47
2015 03 01 01 21
2015 03 01 02 54
2015 03 01 10 10
2015 03 01 10 29
2015 03 01 16 24
2015 03 01 17 53
2015 03 01 19 28
2015 03 02 03 11
2015 03 02 03 57
2015 03 02 15 18
2015 03 02 16 16
2015 03 02 23 39
2015 03 03 04 28
2015 03 03 08 44
2015 03 04 01 03
2015 03 04 03 04
2015 03 04 04 06
2015 03 04 12 40
2015 03 05 17 22
2015 03 06 00 31
2015 03 06 21 36
2015 03 07 12 57
2015 03 07 17 36
2015 03 07 19 36
2015 03 07 22 31
2015 03 08 16 12
2015 03 09 12 22
2015 03 09 16 28
2015 03 09 21 28
2015 03 09 21 33
2015 03 09 22 15
2015 03 10 01 44
2015 03 10 20 03
2015 03 11 01 41
2015 03 11 03 00
2015 03 11 15 57
2015 03 12 12 07
2015 03 12 13 58
2015 03 12 18 22
2015 03 13 00 33
2015 03 14 01 19
2015 03 14 13 39
2015 03 15 06 29
2015 03 15 18 11
2015 03 16 03 52
2015 03 16 07 15
2015 03 16 18 22
2015 03 18 19 38
2015 03 19 12 26
2015 03 20 12 12
2015 03 20 15 21
2015 03 21 02 40
2015 03 21 09 57
2015 03 21 20 48
2015 03 22 01 41
2015 03 22 16 16
2015 03 22 23 36
2015 03 23 03 06
2015 03 23 03 33
2015 03 23 16 21
2015 03 23 19 45
2015 03 23 21 37
2015 03 24 02 33
2015 03 24 04 45
2015 03 24 12 49
2015 03 24 18 17
2015 03 24 18 36
2015 03 25 04 07
2015 03 25 08 12
2015 03 25 14 18
2015 03 25 18 26
2015 03 26 01 30
2015 03 26 06 44
2015 03 26 17 45
2015 03 27 14 37
2015 03 28 20 52
2015 03 28 21 48
2015 04 01 12 12
2015 04 01 17 08
2015 04 02 09 25
2015 04 02 09 45
2015 04 02 11 01
2015 04 02 12 44
2015 04 02 21 44
2015 04 03 03 35
2015 04 03 21 30
2015 04 03 23 07
2015 04 04 10 05
2015 04 04 10 08
2015 04 04 10 55
2015 04 05 07 40
2015 04 05 17 06
2015 04 06 00 54
2015 04 06 01 27
2015 04 06 03 25
2015 04 06 05 54
2015 04 06 11 46
2015 04 06 17 54
2015 04 07 06 41
2015 04 07 17 57
2015 04 07 18 45
2015 04 08 08 29
2015 04 09 10 29
2015 04 10 10 12
2015 04 10 13 30
2015 04 11 02 30
2015 04 12 04 10
2015 04 12 09 12
2015 04 12 18 09
2015 04 13 01 48
2015 04 13 08 52
2015 04 13 13 02
2015 04 13 23 52
2015 04 14 10 25
2015 04 14 13 22
2015 04 14 17 08
2015 04 14 17 54
2015 04 14 21 38
2015 04 14 22 29
2015 04 15 10 44
2015 04 15 10 50
2015 04 15 12 41
2015 04 16 01 07
2015 04 17 01 13
2015 04 17 10 59
2015 04 17 18 28
2015 04 17 23 01
2015 04 17 23 16
2015 04 18 10 56
2015 04 19 07 01
2015 04 19 08 40
2015 04 19 11 24
2015 04 19 14 33
2015 04 19 21 46
2015 04 20 01 38
2015 04 20 02 26
2015 04 20 11 08
2015 04 20 15 01
2015 04 21 14 41
2015 04 22 02 18
2015 04 22 04 34
2015 04 22 05 04
2015 04 22 06 22
2015 04 22 15 28
2015 04 23 19 49
2015 04 23 23 26
2015 04 24 20 13
2015 04 25 08 01
2015 04 25 19 23
2015 04 25 22 02
2015 04 26 09 06
2015 04 26 17 03
2015 04 26 17 13
2015 04 27 02 17
2015 04 27 04 57
2015 04 27 06 23
2015 04 27 06 33
2015 04 28 14 08
2015 04 28 16 01
2015 05 01 07 26
2015 05 01 13 38
2015 05 01 18 12
2015 05 01 22 18
2015 05 02 00 41
2015 05 02 10 24
2015 05 02 11 04
2015 05 03 05 06
2015 05 03 21 03
2015 05 04 00 04
2015 05 04 06 04
2015 05 04 06 06
2015 05 04 06 41
2015 05 04 08 46
2015 05 04 14 47
2015 05 04 17 10
2015 05 04 21 27
2015 05 05 02 12
2015 05 05 22 01
2015 05 06 12 52
2015 05 06 17 06
2015 05 07 00 34
2015 05 07 01 23
2015 05 07 08 59
2015 05 07 10 39
2015 05 07 11 25
2015 05 07 19 40
2015 05 07 23 58
2015 05 08 21 13
2015 05 08 21 59
2015 05 09 15 45
2015 05 10 01 17
2015 05 10 08 52
2015 05 10 09 36
2015 05 10 16 19
2015 05 11 04 46
2015 05 11 22 32
2015 05 12 01 25
2015 05 12 06 32
2015 05 12 07 10
2015 05 12 08 22
2015 05 12 18 30
2015 05 12 18 43
2015 05 12 19 57
2015 05 12 23 06
2015 05 13 07 02
2015 05 13 07 05
2015 05 13 22 50
2015 05 13 23 52
2015 05 14 04 39
2015 05 14 07 56
2015 05 14 10 43
2015 05 14 14 05
2015 05 14 16 23
2015 05 14 20 04
2015 05 14 20 36
2015 05 15 12 33
2015 05 16 01 32
2015 05 16 09 00
2015 05 17 14 06
2015 05 17 19 04
2015 05 18 19 49
2015 05 18 22 23
2015 05 18 22 39
2015 05 19 11 07
2015 05 19 12 59
2015 05 19 15 05
2015 05 19 18 13
2015 05 19 23 30
2015 05 20 01 41
2015 05 20 06 18
2015 05 20 07 46
2015 05 20 08 56
2015 05 20 10 44
2015 05 20 12 58
2015 05 20 18 50
2015 05 21 15 28
2015 05 21 23 45
2015 05 22 00 44
2015 05 22 05 54
2015 05 22 07 47
2015 05 22 21 05
2015 05 22 21 54
2015 05 23 09 21
2015 05 23 11 16
2015 05 23 21 54
2015 05 24 08 37
2015 05 24 15 33
2015 05 24 22 12
2015 05 26 05 08
2015 05 26 14 36
2015 05 26 19 13
2015 05 27 06 44
2015 05 27 20 25
2015 05 27 21 45
2015 05 27 23 26
2015 05 27 23 50
2015 05 28 03 22
2015 05 28 17 44
2015 05 28 18 24
2015 05 28 20 02
2015 06 01 03 18
2015 06 01 09 38
2015 06 01 21 01
2015 06 02 00 22
2015 06 02 01 19
2015 06 02 04 14
2015 06 02 07 56
2015 06 02 09 06
2015 06 02 11 33
2015 06 03 06 42
2015 06 03 15 40
2015 06 03 16 10
2015 06 03 22 21
2015 06 04 03 07
2015 06 04 07 17
2015 06 04 14 18
2015 06 04 15 41
2015 06 04 18 59
2015 06 05 01 58
2015 06 06 00 40
2015 06 06 07 50
2015 06 06 10 26
2015 06 06 14 15
2015 06 07 00 43
2015 06 07 09 00
2015 06 07 20 14
2015 06 07 20 59
2015 06 08 04 18
2015 06 08 14 50
2015 06 09 22 13
2015 06 09 22 48
2015 06 10 11 40
2015 06 10 11 41
2015 06 10 20 07
2015 06 11 09 34
2015 06 11 12 09
2015 06 11 12 47
2015 06 11 19 12
2015 06 12 18 52
2015 06 13 03 08
2015 06 13 12 17
2015 06 13 20 51
2015 06 14 02 13
2015 06 14 14 48
2015 06 14 16 42
2015 06 15 05 01
2015 06 16 00 41
2015 06 16 15 33
2015 06 16 16 42
2015 06 16 18 40
2015 06 17 15 45
2015 06 17 16 25
2015 06 17 18 26
2015 06 18 14 46
2015 06 19 06 24
2015 06 19 07 27
2015 06 19 12 16
2015 06 20 17 56
2015 06 20 18 07
2015 06 21 00 53
2015 06 21 12 18
2015 06 21 12 39
2015 06 21 18 36
2015 06 22 03 54
2015 06 22 08 05
2015 06 22 19 57
2015 06 22 22 40
2015 06 24 12 19
2015 06 24 21 15
2015 06 25 01 37
2015 06 25 10 31
2015 06 26 19 31
2015 06 27 00 15
2015 06 27 09 53
2015 06 27 20 03
2015 06 27 22 40
2015 06 27 22 46
2015 06 28 15 25
2015 06 28 19 25
2015 06 28 23 29
2015 07 01 15 10
2015 07 01 22 26
2015 07 02 05 26
2015 07 03 12 07
2015 07 03 16 32
2015 07 03 22 53
2015 07 04 00 43
2015 07 04 06 02
2015 07 04 15 50
2015 07 05 09 19
2015 07 05 11 03
2015 07 05 12 53
2015 07 05 15 10
2015 07 05 17 49
2015 07 06 10 20
2015 07 06 10 39
2015 07 06 11 53
2015 07 06 15 32
2015 07 06 17 49
2015 07 07 05 58
2015 07 08 04 47
2015 07 08 13 08
2015 07 08 20 46
2015 07 09 06 39
2015 07 09 16 31
2015 07 09 17 38
2015 07 10 02 57
2015 07 10 03 26
2015 07 11 11 56
2015 07 12 03 16
2015 07 12 03 36
2015 07 12 03 45
2015 07 13 06 30
2015 07 13 06 42
2015 07 13 20 41
2015 07 14 13 11
2015 07 14 19 33
2015 07 15 04 32
2015 07 15 07 15
2015 07 16 05 04
2015 07 16 15 48
2015 07 16 20 14
2015 07 17 03 59
2015 07 17 06 27
2015 07 17 08 19
2015 07 17 13 15
2015 07 17 15 22
2015 07 18 01 38
2015 07 18 01 39
2015 07 18 04 27
2015 07 18 11 20
2015 07 18 16 50
2015 07 18 23 10
2015 07 19 12 33
2015 07 19 17 10
2015 07 19 17 40
2015 07 19 21 55
2015 07 20 14 23
2015 07 21 16 28
2015 07 22 05 57
2015 07 22 11 45
2015 07 22 16 04
2015 07 22 16 53
2015 07 23 04 08
2015 07 23 04 43
2015 07 23 16 12
2015 07 24 00 37
2015 07 24 07 48
2015 07 24 08 08
2015 07 24 19 45
2015 07 24 20 56
2015 07 25 09 28
2015 07 25 10 49
2015 07 25 13 34
2015 07 26 11 12
2015 07 27 06 23
2015 07 27 19 12
2015 07 27 20 39
2015 07 28 08 40
2015 07 28 16 43
2015 07 28 21 17
2015 08 01 03 20
2015 08 01 09 41
2015 08 01 14 05
2015 08 02 02 25
2015 08 02 12 28
2015 08 02 15 08
2015 08 02 19 31
2015 08 03 11 29
2015 08 03 16 43
2015 08 03 19 06
2015 08 04 09 10
2015 08 04 09 11
2015 08 04 11 05
2015 08 04 18 23
2015 08 04 21 10
2015 08 05 03 18
2015 08 06 08 57
2015 08 06 17 04
2015 08 07 16 34
2015 08 08 04 55
2015 08 08 08 11
2015 08 08 11 24
2015 08 09 08 38
2015 08 09 13 42
2015 08 09 14 42
2015 08 10 12 30
2015 08 10 23 49
2015 08 11 09 35
2015 08 12 12 30
2015 08 13 00 53
2015 08 13 06 57
2015 08 14 20 33
2015 08 15 01 03
2015 08 15 06 00
2015 08 15 23 36
2015 08 16 07 27
2015 08 16 17 28
2015 08 17 00 45
2015 08 17 04 05
2015 08 17 04 58
2015 08 17 05 42
2015 08 17 06 51
2015 08 17 08 22
2015 08 17 17 34
2015 08 18 04 08
2015 08 18 06 44
2015 08 18 14 53
2015 08 19 08 17
2015 08 19 10 42
2015 08 19 18 21
2015 08 20 04 49
2015 08 20 07 59
2015 08 20 22 22
2015 08 21 15 51
2015 08 22 06 33
2015 08 22 08 04
2015 08 22 08 39
2015 08 23 04 26
2015 08 23 05 36
2015 08 23 06 16
2015 08 23 09 05
2015 08 23 18 58
2015 08 24 23 08
2015 08 25 08 42
2015 08 25 12 29
2015 08 25 15 38
2015 08 25 17 41
2015 08 26 07 33
2015 08 27 05 07
2015 08 28 00 02
2015 08 28 06 57
2015 08 28 14 37
2015 08 28 16 01
2015 08 28 21 30
2015 09 01 02 25
2015 09 01 02 31
2015 09 01 09 52
2015 09 01 16 09
2015 09 02 01 18
2015 09 02 02 43
2015 09 02 07 42
2015 09 02 10 13
2015 09 02 15 33
2015 09 02 17 05
2015 09 03 00 30
2015 09 03 16 51
2015 09 03 16 57
2015 09 03 17 25
2015 09 03 19 32
2015 09 04 06 03
2015 09 04 06 29
2015 09 05 04 09
2015 09 05 18 38
2015 09 05 22 55
2015 09 06 01 16
2015 09 06 07 46
2015 09 06 09 39
2015 09 06 21 42
2015 09 07 04 01
2015 09 07 08 54
2015 09 07 09 09
2015 09 07 12 34
2015 09 07 13 06
2015 09 07 23 00
2015 09 08 04 36
2015 09 08 13 52
2015 09 08 21 35
2015 09 09 05 18
2015 09 09 08 14
2015 09 09 13 25
2015 09 09 18 24
2015 09 09 19 04
2015 09 09 19 21
2015 09 11 17 09
2015 09 11 18 49
2015 09 13 03 19
2015 09 13 21 47
2015 09 14 03 35
2015 09 14 03 50
2015 09 14 06 57
2015 09 14 08 43
2015 09 14 10 23
2015 09 15 08 58
2015 09 15 17 59
2015 09 15 22 02
2015 09 16 16 49
2015 09 17 08 34
2015 09 17 08 43
2015 09 17 20 13
2015 09 17 23 47
2015 09 18 13 20
2015 09 18 15 23
2015 09 18 18 31
2015 09 18 19 16
2015 09 18 19 34
2015 09 19 03 40
2015 09 19 07 28
2015 09 19 11 30
2015 09 19 20 10
2015 09 19 21 36
2015 09 20 00 38
2015 09 20 14 55
2015 09 21 05 44
2015 09 21 10 09
2015 09 21 12 43
2015 09 21 21 07
2015 09 23 08 39
2015 09 23 22 14
2015 09 24 03 01
2015 09 24 09 18
2015 09 24 14 16
2015 09 24 17 55
2015 09 24 22 55
2015 09 25 14 46
2015 09 25 17 12
2015 09 26 07 31
2015 09 26 09 40
2015 09 26 15 46
2015 09 26 15 58
2015 09 27 07 30
2015 09 27 09 25
2015 09 27 10 04
2015 09 27 18 20
2015 09 28 03 32
2015 09 28 13 19
2015 09 28 22 09
2015 10 01 08 30
2015 10 01 11 57
2015 10 01 17 26
2015 10 01 17 40
2015 10 02 06 34
2015 10 02 10 03
2015 10 02 15 43
2015 10 02 19 22
2015 10 02 19 59
2015 10 02 20 19
2015 10 02 22 07
2015 10 03 16 47
2015 10 04 00 35
2015 10 04 04 52
2015 10 04 15 16
2015 10 04 22 27
2015 10 04 22 44
2015 10 05 10 40
2015 10 05 18 41
2015 10 06 02 38
2015 10 06 12 50
2015 10 07 01 16
2015 10 08 01 05
2015 10 08 13 31
2015 10 08 18 29
2015 10 09 05 38
2015 10 09 10 58
2015 10 09 13 27
2015 10 09 14 24
2015 10 10 02 28
2015 10 10 11 06
2015 10 10 20 02
2015 10 10 22 13
2015 10 11 03 40
2015 10 11 06 44
2015 10 11 07 54
2015 10 11 08 09
2015 10 11 09 54
2015 10 11 23 25
2015 10 12 03 51
2015 10 12 07 58
2015 10 12 16 30
2015 10 12 18 04
2015 10 13 20 34
2015 10 13 22 50
2015 10 14 09 11
2015 10 14 11 48
2015 10 14 12 51
2015 10 14 16 51
2015 10 14 19 25
2015 10 14 23 26
2015 10 15 14 19
2015 10 15 23 36
2015 10 16 13 34
2015 10 16 21 56
2015 10 17 01 29
2015 10 17 03 20
2015 10 17 04 10
2015 10 17 11 36
2015 10 17 12 22
2015 10 17 13 35
2015 10 17 15 32
2015 10 18 13 57
2015 10 19 02 09
2015 10 20 10 07
2015 10 20 10 35
2015 10 20 20 49
2015 10 21 02 34
2015 10 21 06 24
2015 10 22 00 01
2015 10 22 01 05
2015 10 22 01 42
2015 10 22 04 35
2015 10 22 15 10
2015 10 22 19 31
2015 10 22 22 21
2015 10 23 01 41
2015 10 23 07 24
2015 10 24 00 55
2015 10 24 22 42
2015 10 25 10 08
2015 10 25 14 04
2015 10 25 21 57
2015 10 25 23 01
2015 10 26 03 56
2015 10 26 06 28
2015 10 26 08 58
2015 10 26 16 25
2015 10 27 09 02
2015 10 27 10 31
2015 10 27 17 44
2015 10 27 22 54
2015 10 28 06 34
2015 10 28 12 36
2015 10 28 14 35
2015 11 01 02 10
2015 11 01 05 48
2015 11 01 16 08
2015 11 02 01 40
2015 11 02 03 31
2015 11 02 05 15
2015 11 02 11 58
2015 11 02 16 36
2015 11 02 17 56
2015 11 03 12 48
2015 11 03 14 55
2015 11 03 17 02
2015 11 04 03 48
2015 11 04 05 17
2015 11 04 16 54
2015 11 04 19 42
2015 11 04 21 09
2015 11 04 22 28
2015 11 04 23 41
2015 11 05 04 27
2015 11 05 19 42
2015 11 06 04 58
2015 11 06 09 09
2015 11 06 22 59
2015 11 06 23 05
2015 11 07 05 49
2015 11 07 06 10
2015 11 07 10 45
2015 11 07 22 26
2015 11 08 09 08
2015 11 08 18 16
2015 11 08 23 13
2015 11 09 03 56
2015 11 09 11 01
2015 11 09 12 10
2015 11 09 17 53
2015 11 10 13 53
2015 11 10 18 59
2015 11 10 19 52
2015 11 10 21 10
2015 11 10 22 14
2015 11 10 22 22
2015 11 11 10 07
2015 11 11 18 13
2015 11 11 23 02
2015 11 12 00 34
2015 11 12 01 11
2015 11 12 04 31
2015 11 12 07 59
2015 11 12 14 06
2015 11 12 17 04
2015 11 13 06 43
2015 11 13 16 33
2015 11 14 02 35
2015 11 15 00 37
2015 11 15 12 05
2015 11 15 13 07
2015 11 15 21 02
2015 11 16 22 53
2015 11 17 00 39
2015 11 18 15 18
2015 11 18 16 43
2015 11 18 17 33
2015 11 18 18 59
2015 11 19 15 44
2015 11 20 10 13
2015 11 20 10 43
2015 11 21 02 58
2015 11 21 09 22
2015 11 21 19 48
2015 11 22 05 34
2015 11 22 06 25
2015 11 22 16 12
2015 11 22 19 51
2015 11 23 06 20
2015 11 23 10 05
2015 11 23 21 27
2015 11 24 00 06
2015 11 24 06 23
2015 11 24 07 14
2015 11 24 09 27
2015 11 24 17 11
2015 11 24 23 42
2015 11 25 07 23
2015 11 25 09 44
2015 11 25 11 47
2015 11 25 14 33
2015 11 25 17 54
2015 11 26 03 12
2015 11 26 10 45
2015 11 26 12 00
2015 11 27 02 23
2015 11 27 04 41
2015 11 28 07 30
2015 11 28 08 06
2015 11 28 11 39
2015 11 28 12 26
2015 11 28 17 38
2015 12 01 01 35
2015 12 01 02 23
2015 12 01 09 04
2015 12 02 18 08
2015 12 02 23 49
2015 12 03 03 42
2015 12 03 06 17
2015 12 03 06 46
2015 12 03 22 05
2015 12 04 01 21
2015 12 04 14 54
2015 12 04 23 31
2015 12 04 23 32
2015 12 05 00 08
2015 12 05 00 24
2015 12 05 12 43
2015 12 05 23 00
2015 12 05 23 07
2015 12 05 23 22
2015 12 06 00 46
2015 12 06 23 12
2015 12 07 16 07
2015 12 07 18 19
2015 12 08 02 55
2015 12 08 22 44
2015 12 08 23 00
2015 12 09 03 11
2015 12 09 23 01
2015 12 10 08 46
2015 12 10 10 57
2015 12 10 15 55
2015 12 11 05 07
2015 12 11 09 03
2015 12 11 10 23
2015 12 12 03 26
2015 12 12 03 30
2015 12 12 07 22
2015 12 13 07 32
2015 12 14 00 41
2015 12 14 12 16
2015 12 14 21 35
2015 12 14 23 10
2015 12 15 15 09
2015 12 16 18 42
2015 12 17 00 30
2015 12 17 18 17
2015 12 17 23 03
2015 12 18 02 04
2015 12 18 04 43
2015 12 18 05 02
2015 12 18 15 35
2015 12 19 02 53
2015 12 19 03 57
2015 12 19 11 28
2015 12 19 12 01
2015 12 20 06 00
2015 12 21 13 13
2015 12 21 13 58
2015 12 21 14 24
2015 12 21 20 06
2015 12 22 08 33
2015 12 23 02 28
2015 12 23 03 37
2015 12 24 00 45
2015 12 24 12 08
2015 12 24 18 05
2015 12 24 20 36
2015 12 24 22 08
2015 12 25 00 55
2015 12 25 08 09
2015 12 25 09 50
2015 12 25 11 28
2015 12 25 21 35
2015 12 25 23 02
2015 12 25 23 39
2015 12 26 03 41
2015 12 26 17 38
2015 12 26 19 09
2015 12 26 22 46
2015 12 26 23 30
2015 12 27 03 04
2015 12 27 08 17
2015 12 27 10 38
2015 12 27 17 22
2015 12 28 11 15
2015 12 28 18 11
2016 01 01 02 23
2016 01 01 03 07
2016 01 01 22 55
2016 01 02 01 39
2016 01 02 11 30
2016 01 02 18 31
2016 01 02 22 39
2016 01 02 23 11
2016 01 02 23 29
2016 01 03 22 42
2016 01 04 05 34
2016 01 04 08 05
2016 01 04 09 44
2016 01 04 23 40
2016 01 05 08 22
2016 01 05 10 49
2016 01 06 11 28
2016 01 06 18 58
2016 01 07 18 02
2016 01 08 05 51
2016 01 09 05 16
2016 01 09 12 34
2016 01 09 23 04
2016 01 10 03 14
2016 01 10 18 29
2016 01 11 03 04
2016 01 11 09 39
2016 01 12 02 09
2016 01 12 03 37
2016 01 12 08 16
2016 01 12 09 35
2016 01 12 16 49
2016 01 12 18 32
2016 01 13 04 13
2016 01 13 04 35
2016 01 13 09 36
2016 01 13 10 01
2016 01 13 12 59
2016 01 13 16 06
2016 01 13 17 59
2016 01 14 05 33
2016 01 14 06 57
2016 01 14 08 33
2016 01 14 10 46
2016 01 14 23 56
2016 01 15 09 14
2016 01 15 09 35
2016 01 15 10 45
2016 01 16 07 56
2016 01 16 14 49
2016 01 16 21 38
2016 01 16 22 55
2016 01 17 06 53
2016 01 17 11 59
2016 01 17 22 02
2016 01 18 03 53
2016 01 18 11 18
2016 01 18 12 27
2016 01 20 17 28
2016 01 20 21 37
2016 01 21 04 54
2016 01 21 10 43
2016 01 22 05 14
2016 01 22 16 06
2016 01 23 11 05
2016 01 23 20 03
2016 01 24 04 08
2016 01 24 19 04
2016 01 24 19 56
2016 01 25 03 13
2016 01 25 04 01
2016 01 25 08 29
2016 01 25 20 12
2016 01 25 20 23
2016 01 26 12 38
2016 01 26 14 24
2016 01 26 19 22
2016 01 27 16 01
2016 01 28 03 34
2016 01 28 06 58
2016 01 28 11 45
2016 01 28 17 12
2016 01 28 20 36
2016 02 01 12 57
2016 02 01 14 45
2016 02 01 20 26
2016 02 01 23 29
2016 02 02 03 43
2016 02 02 10 26
2016 02 02 16 26
2016 02 03 04 07
2016 02 03 10 16
2016 02 03 21 24
2016 02 03 21 28
2016 02 04 02 34
2016 02 04 09 10
2016 02 05 08 24
2016 02 05 14 14
2016 02 05 19 40
2016 02 06 01 29
2016 02 06 12 46
2016 02 06 13 20
2016 02 07 02 07
2016 02 07 04 23
2016 02 07 06 28
2016 02 07 09 28
2016 02 07 14 27
2016 02 08 05 55
2016 02 08 19 26
2016 02 08 22 18
2016 02 08 23 45
2016 02 09 08 17
2016 02 09 08 45
2016 02 09 16 36
2016 02 09 20 42
2016 02 10 14 08
2016 02 10 14 09
2016 02 10 17 57
2016 02 10 20 51
2016 02 11 01 05
2016 02 11 05 10
2016 02 11 13 28
2016 02 11 22 12
2016 02 11 22 40
2016 02 12 06 07
2016 02 12 13 48
2016 02 13 00 48
2016 02 13 05 58
2016 02 13 15 46
2016 02 14 06 14
2016 02 14 07 44
2016 02 14 23 01
2016 02 15 20 24
2016 02 16 09 27
2016 02 16 10 57
2016 02 16 12 09
2016 02 17 12 48
2016 02 18 04 53
2016 02 18 13 47
2016 02 18 19 02
2016 02 19 10 42
2016 02 20 11 05
2016 02 20 12 29
2016 02 21 21 37
2016 02 22 07 39
2016 02 23 06 13
2016 02 24 05 30
2016 02 24 15 36
2016 02 25 01 26
2016 02 25 04 51
2016 02 25 16 20
2016 02 25 20 34
2016 02 26 03 18
2016 02 26 07 33
2016 02 26 20 12
2016 02 26 20 17
2016 02 27 07 50
2016 02 27 08 05
2016 02 28 12 17
2016 02 28 18 34
2016 03 01 06 55
2016 03 01 07 07
2016 03 01 07 49
2016 03 01 14 08
2016 03 01 14 57
2016 03 01 19 37
2016 03 01 19 41
2016 03 01 21 45
2016 03 02 00 21
2016 03 02 08 34
2016 03 02 12 18
2016 03 02 23 22
2016 03 03 01 03
2016 03 03 02 35
2016 03 03 02 36
2016 03 03 21 43
2016 03 04 23 56
2016 03 05 08 33
2016 03 06 06 41
2016 03 06 15 34
2016 03 07 01 47
2016 03 07 19 14
2016 03 08 03 40
2016 03 08 05 58
2016 03 08 06 58
2016 03 08 16 35
2016 03 09 03 49
2016 03 09 18 58
2016 03 10 07 55
2016 03 10 09 16
2016 03 10 09 28
2016 03 10 16 52
2016 03 11 19 58
2016 03 12 00 30
2016 03 12 05 29
2016 03 12 10 16
2016 03 13 05 10
2016 03 13 09 02
2016 03 13 11 03
2016 03 14 01 21
2016 03 14 06 04
2016 03 14 12 54
2016 03 14 14 02
2016 03 14 19 20
2016 03 15 02 28
2016 03 15 08 24
2016 03 15 13 59
2016 03 15 18 21
2016 03 15 20 43
2016 03 15 23 43
2016 03 16 09 22
2016 03 16 11 23
2016 03 16 23 50
2016 03 17 10 32
2016 03 18 07 25
2016 03 18 09 43
2016 03 19 13 25
2016 03 19 20 52
2016 03 19 21 01
2016 03 20 03 12
2016 03 20 09 50
2016 03 20 13 34
2016 03 20 16 37
2016 03 20 18 22
2016 03 20 19 07
2016 03 20 22 53
2016 03 21 15 31
2016 03 21 15 54
2016 03 21 19 58
2016 03 22 13 38
2016 03 23 01 38
2016 03 23 03 28
2016 03 23 08 22
2016 03 23 14 14
2016 03 24 08 05
2016 03 24 09 47
2016 03 24 15 16
2016 03 24 19 00
2016 03 24 21 48
2016 03 25 03 14
2016 03 25 12 30
2016 03 25 16 56
2016 03 25 22 28
2016 03 26 06 51
2016 03 26 16 03
2016 03 27 08 26
2016 03 27 15 15
2016 03 27 15 47
2016 03 27 23 29
2016 03 28 07 33
2016 03 28 13 49
2016 04 01 11 29
2016 04 02 14 03
2016 04 03 04 38
2016 04 03 05 24
2016 04 03 17 25
2016 04 03 17 30
2016 04 04 13 57
2016 04 05 08 31
2016 04 05 09 42
2016 04 05 15 14
2016 04 06 11 56
2016 04 06 13 45
2016 04 06 15 51
2016 04 06 23 00
2016 04 07 01 25
2016 04 07 05 36
2016 04 07 06 36
2016 04 07 13 26
2016 04 07 18 05
2016 04 07 18 31
2016 04 08 08 29
2016 04 08 20 06
2016 04 09 09 22
2016 04 10 03 04
2016 04 10 11 55
2016 04 10 19 07
2016 04 10 20 03
2016 04 11 02 11
2016 04 11 21 48
2016 04 11 22 47
2016 04 11 23 32
2016 04 12 21 55
2016 04 13 01 25
2016 04 13 02 25
2016 04 13 08 21
2016 04 13 19 43
2016 04 14 03 54
2016 04 14 08 28
2016 04 15 00 23
2016 04 15 02 18
2016 04 16 05 34
2016 04 16 06 34
2016 04 16 13 01
2016 04 16 22 54
2016 04 17 02 30
2016 04 17 15 18
2016 04 17 17 22
2016 04 17 21 26
2016 04 18 17 41
2016 04 18 22 22
2016 04 19 01 48
2016 04 19 02 29
2016 04 19 03 28
2016 04 19 06 01
2016 04 19 08 25
2016 04 19 12 48
2016 04 19 19 03
2016 04 19 21 09
2016 04 20 08 04
2016 04 20 11 24
2016 04 20 13 39
2016 04 20 16 20
2016 04 21 00 17
2016 04 21 02 39
2016 04 21 06 14
2016 04 21 20 32
2016 04 22 11 37
2016 04 22 21 58
2016 04 23 14 13
2016 04 23 15 53
2016 04 23 23 27
2016 04 24 01 14
2016 04 25 02 06
2016 04 25 03 43
2016 04 25 11 23
2016 04 25 15 02
2016 04 26 05 08
2016 04 26 16 34
2016 04 26 22 10
2016 04 26 23 40
2016 04 27 04 39
2016 04 27 16 46
2016 04 27 22 16
2016 04 27 23 30
2016 04 28 02 05
2016 04 28 03 06
2016 04 28 03 32
2016 04 28 10 17
2016 04 28 10 34
2016 04 28 15 42
2016 05 01 00 55
2016 05 01 03 02
2016 05 01 18 31
2016 05 02 07 29
2016 05 03 02 12
2016 05 03 13 55
2016 05 03 15 20
2016 05 03 15 33
2016 05 03 15 39
2016 05 03 20 11
2016 05 03 21 43
2016 05 04 02 51
2016 05 04 06 06
2016 05 04 17 10
2016 05 04 20 16
2016 05 05 05 32
2016 05 05 10 16
2016 05 05 12 04
2016 05 06 04 12
2016 05 06 19 08
2016 05 06 19 56
2016 05 06 21 37
2016 05 07 13 16
2016 05 08 04 05
2016 05 08 09 33
2016 05 08 12 52
2016 05 08 14 13
2016 05 08 22 01
2016 05 09 02 01
2016 05 09 08 32
2016 05 09 08 54
2016 05 09 10 30
2016 05 09 13 14
2016 05 09 18 21
2016 05 10 01 36
2016 05 10 16 58
2016 05 13 05 42
2016 05 13 19 49
2016 05 13 20 20
2016 05 14 06 36
2016 05 14 07 20
2016 05 14 14 38
2016 05 14 17 19
2016 05 14 21 51
2016 05 14 23 26
2016 05 15 05 55
2016 05 15 07 39
2016 05 15 09 00
2016 05 15 18 12
2016 05 15 19 06
2016 05 16 10 47
2016 05 16 11 56
2016 05 16 15 09
2016 05 17 09 45
2016 05 17 14 28
2016 05 18 22 35
2016 05 19 02 48
2016 05 19 07 03
2016 05 19 19 14
2016 05 19 23 43
2016 05 20 18 58
2016 05 20 23 41
2016 05 21 04 11
2016 05 21 05 37
2016 05 21 13 04
2016 05 21 21 52
2016 05 21 21 57
2016 05 22 02 47
2016 05 22 11 03
2016 05 22 12 10
2016 05 23 05 25
2016 05 24 07 59
2016 05 24 14 58
2016 05 25 09 36
2016 05 25 19 37
2016 05 26 08 16
2016 05 26 17 03
2016 05 27 04 49
2016 05 27 06 37
2016 05 28 18 58
2016 06 01 05 44
2016 06 01 07 18
2016 06 01 12 45
2016 06 02 15 25
2016 06 02 23 01
2016 06 03 12 13
2016 06 04 09 51
2016 06 05 01 34
2016 06 05 03 37
2016 06 05 13 33
2016 06 05 20 01
2016 06 05 23 44
2016 06 06 19 22
2016 06 07 03 35
2016 06 07 05 11
2016 06 07 06 55
2016 06 08 01 20
2016 06 09 03 27
2016 06 09 08 28
2016 06 09 09 01
2016 06 09 13 23
2016 06 09 17 53
2016 06 09 20 52
2016 06 10 05 38
2016 06 10 11 28
2016 06 10 11 37
2016 06 10 11 59
2016 06 10 17 48
2016 06 10 19 35
2016 06 11 14 18
2016 06 11 14 45
2016 06 12 08 50
2016 06 12 09 20
2016 06 13 17 10
2016 06 13 22 07
2016 06 14 13 56
2016 06 14 14 54
2016 06 15 01 42
2016 06 15 09 30
2016 06 15 15 27
2016 06 15 18 44
2016 06 15 20 20
2016 06 15 23 15
2016 06 16 06 43
2016 06 16 11 08
2016 06 17 14 25
2016 06 17 16 41
2016 06 18 14 31
2016 06 18 15 56
2016 06 18 19 44
2016 06 19 04 20
2016 06 19 12 33
2016 06 19 15 25
2016 06 20 15 39
2016 06 20 23 27
2016 06 21 18 57
2016 06 22 13 08
2016 06 22 14 41
2016 06 23 09 44
2016 06 23 12 41
2016 06 24 08 43
2016 06 24 17 16
2016 06 24 19 30
2016 06 25 01 11
2016 06 25 03 58
2016 06 25 07 56
2016 06 25 20 32
2016 06 26 00 04
2016 06 26 01 07
2016 06 26 11 06
2016 06 26 11 13
2016 06 26 21 57
2016 06 26 22 19
2016 06 26 23 07
2016 06 27 15 39
2016 06 27 22 15
2016 06 28 14 24
2016 07 01 03 50
2016 07 01 04 09
2016 07 01 17 44
2016 07 03 01 47
2016 07 03 12 05
2016 07 04 03 42
2016 07 04 04 11
2016 07 04 14 13
2016 07 05 01 15
2016 07 05 02 41
2016 07 05 08 48
2016 07 05 22 48
2016 07 06 11 11
2016 07 07 00 15
2016 07 07 07 06
2016 07 07 14 40
2016 07 07 20 09
2016 07 08 06 39
2016 07 09 02 22
2016 07 09 04 44
2016 07 09 14 57
2016 07 09 15 44
2016 07 09 22 08
2016 07 10 04 25
2016 07 10 14 56
2016 07 11 00 10
2016 07 11 11 01
2016 07 11 23 28
2016 07 12 05 46
2016 07 12 19 04
2016 07 12 20 48
2016 07 13 08 39
2016 07 13 09 20
2016 07 13 09 56
2016 07 13 10 29
2016 07 13 16 31
2016 07 14 01 13
2016 07 14 06 43
2016 07 14 23 58
2016 07 15 14 52
2016 07 16 07 19
2016 07 16 07 30
2016 07 16 07 33
2016 07 16 11 51
2016 07 16 19 07
2016 07 16 20 22
2016 07 16 21 13
2016 07 17 04 57
2016 07 17 23 20
2016 07 18 03 44
2016 07 18 04 03
2016 07 18 04 32
2016 07 18 09 17
2016 07 18 21 00
2016 07 18 22 28
2016 07 19 07 33
2016 07 19 08 20
2016 07 19 11 31
2016 07 19 12 38
2016 07 19 14 55
2016 07 19 15 58
2016 07 20 01 16
2016 07 20 04 07
2016 07 21 01 56
2016 07 21 04 26
2016 07 21 10 39
2016 07 21 10 44
2016 07 22 14 40
2016 07 22 20 32
2016 07 22 22 11
2016 07 22 22 51
2016 07 22 23 29
2016 07 23 15 44
2016 07 23 17 04
2016 07 23 17 14
2016 07 24 00 30
2016 07 24 12 23
2016 07 24 12 48
2016 07 24 21 03
2016 07 25 11 10
2016 07 27 02 54
2016 07 27 04 37
2016 07 27 10 00
2016 07 27 16 58
2016 07 27 18 12
2016 07 28 02 01
2016 07 28 17 31
2016 07 28 23 01
2016 08 01 01 59
2016 08 01 20 07
2016 08 01 21 01
2016 08 01 22 04
2016 08 03 17 02
2016 08 04 00 27
2016 08 04 03 29
2016 08 05 02 55
2016 08 05 03 39
2016 08 05 05 15
2016 08 05 20 58
2016 08 06 06 58
2016 08 06 07 15
2016 08 06 16 39
2016 08 07 09 17
2016 08 07 15 36
2016 08 07 19 06
2016 08 07 23 01
2016 08 08 08 06
2016 08 08 12 57
2016 08 10 05 29
2016 08 10 13 48
2016 08 10 23 47
2016 08 11 07 57
2016 08 11 08 13
2016 08 12 09 38
2016 08 13 00 58
2016 08 13 15 32
2016 08 13 21 51
2016 08 14 04 36
2016 08 14 18 12
2016 08 15 09 53
2016 08 15 23 05
2016 08 16 09 20
2016 08 16 21 23
2016 08 17 04 10
2016 08 17 14 52
2016 08 18 00 04
2016 08 18 06 53
2016 08 18 09 00
2016 08 18 11 47
2016 08 18 14 49
2016 08 18 19 36
2016 08 18 21 56
2016 08 20 11 08
2016 08 20 17 19
2016 08 20 18 51
2016 08 21 01 43
2016 08 21 05 43
2016 08 21 06 14
2016 08 21 16 11
2016 08 21 22 23
2016 08 22 14 39
2016 08 23 01 00
2016 08 23 01 38
2016 08 23 19 24
2016 08 24 02 17
2016 08 24 09 03
2016 08 24 21 17
2016 08 25 09 09
2016 08 25 14 55
2016 08 26 05 15
2016 08 26 10 15
2016 08 27 10 10
2016 08 27 10 54
2016 08 27 13 52
2016 08 28 00 16
2016 09 01 01 13
2016 09 01 13 06
2016 09 01 20 18
2016 09 02 09 42
2016 09 02 16 11
2016 09 02 18 47
2016 09 02 21 04
2016 09 02 21 18
2016 09 03 02 26
2016 09 03 21 46
2016 09 04 08 13
2016 09 04 16 05
2016 09 04 17 14
2016 09 04 23 13
2016 09 05 17 59
2016 09 05 23 31
2016 09 06 01 29
2016 09 06 03 51
2016 09 06 04 45
2016 09 06 05 59
2016 09 06 09 40
2016 09 06 12 21
2016 09 06 14 29
2016 09 06 16 45
2016 09 06 18 48
2016 09 06 22 07
2016 09 07 04 59
2016 09 07 17 08
2016 09 08 11 40
2016 09 08 19 16
2016 09 08 22 37
2016 09 09 18 12
2016 09 09 20 34
2016 09 09 20 42
2016 09 11 17 08
2016 09 11 21 10
2016 09 12 12 50
2016 09 12 15 47
2016 09 14 05 57
2016 09 14 06 53
2016 09 14 21 46
2016 09 15 01 37
2016 09 15 03 00
2016 09 15 04 32
2016 09 15 12 07
2016 09 15 21 50
2016 09 16 03 18
2016 09 16 04 26
2016 09 16 07 19
2016 09 16 07 35
2016 09 17 03 45
2016 09 17 06 40
2016 09 17 08 47
2016 09 17 10 07
2016 09 18 05 54
2016 09 18 08 08
2016 09 18 15 05
2016 09 18 17 03
2016 09 18 19 04
2016 09 18 22 11
2016 09 18 22 57
2016 09 19 20 09
2016 09 20 03 57
2016 09 20 06 05
2016 09 20 20 09
2016 09 21 03 04
2016 09 21 20 52
2016 09 21 21 18
2016 09 21 22 08
2016 09 22 22 35
2016 09 23 09 05
2016 09 23 11 54
2016 09 23 12 15
2016 09 23 17 00
2016 09 23 17 09
2016 09 23 23 42
2016 09 24 01 34
2016 09 25 15 30
2016 09 25 15 31
2016 09 25 17 03
2016 09 25 23 01
2016 09 26 14 14
2016 09 26 14 30
2016 09 26 15 58
2016 09 26 18 30
2016 09 27 09 33
2016 09 27 16 24
2016 10 01 08 07
2016 10 01 19 05
2016 10 01 21 22
2016 10 02 06 11
2016 10 02 07 23
2016 10 02 12 24
2016 10 02 21 52
2016 10 03 00 27
2016 10 03 06 51
2016 10 03 07 25
2016 10 03 08 19
2016 10 03 08 53
2016 10 03 17 01
2016 10 04 05 44
2016 10 04 21 23
2016 10 04 21 45
2016 10 05 09 20
2016 10 05 18 50
2016 10 06 06 44
2016 10 06 22 38
2016 10 07 01 05
2016 10 07 04 59
2016 10 07 17 08
2016 10 07 20 32
2016 10 08 04 51
2016 10 08 09 11
2016 10 08 10 00
2016 10 08 13 17
2016 10 08 22 15
2016 10 08 23 21
2016 10 09 05 52
2016 10 09 07 29
2016 10 09 18 20
2016 10 09 22 07
2016 10 09 23 51
2016 10 10 18 44
2016 10 10 19 47
2016 10 11 05 11
2016 10 11 07 14
2016 10 11 12 56
2016 10 11 16 23
2016 10 11 23 53
2016 10 12 13 50
2016 10 12 18 57
2016 10 12 22 00
2016 10 12 22 02
2016 10 13 01 48
2016 10 13 04 27
2016 10 13 18 04
2016 10 13 20 27
2016 10 14 05 49
2016 10 14 09 48
2016 10 14 16 21
2016 10 14 19 48
2016 10 14 23 02
2016 10 15 00 45
2016 10 15 08 50
2016 10 15 18 34
2016 10 16 22 21
2016 10 17 17 32
2016 10 17 17 51
2016 10 18 10 26
2016 10 18 10 48
2016 10 18 15 54
2016 10 18 16 57
2016 10 18 17 18
2016 10 18 17 23
2016 10 19 16 45
2016 10 20 00 16
2016 10 20 01 46
2016 10 20 01 59
2016 10 20 14 21
2016 10 20 18 27
2016 10 21 13 11
2016 10 21 22 10
2016 10 21 23 26
2016 10 22 04 37
2016 10 22 11 29
2016 10 23 05 18
2016 10 23 12 44
2016 10 23 15 16
2016 10 23 21 44
2016 10 24 07 33
2016 10 24 15 23
2016 10 24 18 21
2016 10 24 22 04
2016 10 25 02 04
2016 10 25 02 32
2016 10 25 14 52
2016 10 25 19 48
2016 10 26 12 39
2016 10 26 18 05
2016 10 27 03 04
2016 10 27 08 42
2016 10 27 17 59
2016 10 27 22 28
2016 10 28 06 54
2016 10 28 12 26
2016 10 28 12 51
2016 10 28 14 30
2016 10 28 17 34
2016 11 01 00 21
2016 11 01 00 41
2016 11 01 00 56
2016 11 01 05 38
2016 11 01 07 52
2016 11 01 09 05
2016 11 01 10 39
2016 11 02 01 32
2016 11 02 15 50
2016 11 03 01 25
2016 11 03 03 54
2016 11 03 11 43
2016 11 04 16 58
2016 11 04 22 29
2016 11 05 10 27
2016 11 05 12 20
2016 11 05 13 01
2016 11 06 07 28
2016 11 06 23 57
2016 11 08 06 57
2016 11 09 03 29
2016 11 09 21 24
2016 11 10 04 37
2016 11 11 10 25
2016 11 11 13 33
2016 11 11 19 42
2016 11 12 11 16
2016 11 12 18 52
2016 11 13 00 04
2016 11 13 00 20
2016 11 13 10 36
2016 11 14 02 01
2016 11 14 04 01
2016 11 14 16 56
2016 11 15 13 26
2016 11 16 03 10
2016 11 16 04 38
2016 11 16 08 26
2016 11 16 20 13
2016 11 17 07 34
2016 11 17 08 34
2016 11 17 09 33
2016 11 17 15 01
2016 11 17 15 29
2016 11 17 19 11
2016 11 17 20 52
2016 11 18 00 51
2016 11 18 02 04
2016 11 18 03 44
2016 11 18 12 13
2016 11 18 22 01
2016 11 19 01 01
2016 11 19 06 10
2016 11 19 08 10
2016 11 19 09 41
2016 11 19 13 34
2016 11 19 13 54
2016 11 19 13 59
2016 11 20 00 25
2016 11 20 04 43
2016 11 20 08 08
2016 11 21 06 14
2016 11 21 07 20
2016 11 21 16 58
2016 11 21 23 07
2016 11 22 00 25
2016 11 22 00 41
2016 11 22 10 42
2016 11 24 06 08
2016 11 24 11 21
2016 11 24 11 57
2016 11 24 16 36
2016 11 24 22 06
2016 11 26 02 14
2016 11 27 03 04
2016 11 27 05 31
2016 11 27 19 37
2016 11 28 00 52
2016 11 28 05 39
2016 11 28 19 13
2016 12 01 00 31
2016 12 01 03 12
2016 12 01 06 12
2016 12 01 07 53
2016 12 01 18 40
2016 12 02 15 37
2016 12 03 02 17
2016 12 03 03 10
2016 12 03 10 34
2016 12 03 14 35
2016 12 03 17 48
2016 12 04 03 24
2016 12 04 10 39
2016 12 06 17 20
2016 12 06 19 36
2016 12 07 09 01
2016 12 07 14 33
2016 12 08 05 04
2016 12 08 07 40
2016 12 08 10 03
2016 12 08 10 18
2016 12 08 15 22
2016 12 09 03 26
2016 12 09 10 16
2016 12 09 21 40
2016 12 09 22 28
2016 12 10 04 24
2016 12 10 16 11
2016 12 10 17 26
2016 12 10 19 44
2016 12 11 20 51
2016 12 11 23 07
2016 12 11 23 22
2016 12 12 14 01
2016 12 13 05 37
2016 12 13 16 41
2016 12 13 17 02
2016 12 13 22 09
2016 12 14 07 56
2016 12 14 10 08
2016 12 14 16 02
2016 12 14 20 52
2016 12 14 22 16
2016 12 15 01 09
2016 12 15 11 35
2016 12 15 18 45
2016 12 16 01 24
2016 12 16 03 11
2016 12 16 05 09
2016 12 16 09 06
2016 12 16 12 46
2016 12 18 16 04
2016 12 18 22 31
2016 12 19 01 11
2016 12 19 13 46
2016 12 20 04 15
2016 12 20 04 45
2016 12 21 18 24
2016 12 21 23 56
2016 12 22 07 54
2016 12 22 17 37
2016 12 23 04 08
2016 12 23 05 20
2016 12 24 04 14
2016 12 24 08 32
2016 12 24 19 31
2016 12 24 19 34
2016 12 24 19 35
2016 12 25 13 18
2016 12 26 05 17
2016 12 26 06 28
2016 12 26 06 34
2016 12 26 11 19
2016 12 26 18 24
2016 12 27 05 36
2016 12 27 12 40
2016 12 27 17 51
2016 12 27 21 56
2016 12 27 22 55
2016 12 28 15 31
2016 12 28 16 15
2017 01 01 02 19
2017 01 01 04 11
2017 01 02 14 18
2017 01 02 21 12
2017 01 02 21 16
2017 01 03 03 16
2017 01 03 08 26
2017 01 04 01 11
2017 01 04 03 03
2017 01 05 07 38
2017 01 05 10 20
2017 01 05 23 44
2017 01 06 15 36
2017 01 06 15 46
2017 01 07 00 19
2017 01 07 00 39
2017 01 07 21 49
2017 01 08 01 23
2017 01 08 09 48
2017 01 08 13 26
2017 01 09 09 03
2017 01 09 17 13
2017 01 09 17 53
2017 01 10 03 21
2017 01 11 03 25
2017 01 11 12 32
2017 01 11 18 02
2017 01 11 18 34
2017 01 12 03 07
2017 01 12 03 18
2017 01 12 15 48
2017 01 12 18 17
2017 01 13 00 10
2017 01 13 10 24
2017 01 13 14 15
2017 01 13 15 28
2017 01 13 16 27
2017 01 15 00 05
2017 01 15 04 09
2017 01 15 09 33
2017 01 16 09 57
2017 01 17 01 51
2017 01 17 03 51
2017 01 17 19 31
2017 01 17 21 23
2017 01 18 05 08
2017 01 18 06 28
2017 01 18 13 31
2017 01 18 20 30
2017 01 19 01 29
2017 01 19 03 19
2017 01 19 09 39
2017 01 20 06 23
2017 01 20 11 29
2017 01 21 09 43
2017 01 21 13 58
2017 01 21 18 56
2017 01 22 10 21
2017 01 22 18 33
2017 01 23 18 01
2017 01 24 10 22
2017 01 24 12 05
2017 01 24 16 01
2017 01 24 22 04
2017 01 25 03 49
2017 01 26 00 30
2017 01 26 12 39
2017 01 27 11 16
2017 01 27 19 17
2017 01 27 23 12
2017 01 28 00 52
2017 01 28 04 09
2017 01 28 04 33
2017 02 01 05 28
2017 02 02 01 04
2017 02 02 09 34
2017 02 02 09 36
2017 02 02 12 42
2017 02 02 14 20
2017 02 02 17 33
2017 02 03 08 57
2017 02 03 18 09
2017 02 04 03 15
2017 02 05 09 11
2017 02 05 11 32
2017 02 05 19 19
2017 02 05 22 42
2017 02 06 01 01
2017 02 06 04 33
2017 02 06 04 37
2017 02 06 23 37
2017 02 07 21 36
2017 02 08 07 50
2017 02 08 08 17
2017 02 08 10 28
2017 02 08 14 57
2017 02 08 20 55
2017 02 08 22 15
2017 02 09 00 49
2017 02 09 02 46
2017 02 09 03 52
2017 02 09 03 57
2017 02 09 04 52
2017 02 09 05 01
2017 02 09 08 12
2017 02 09 14 11
2017 02 09 14 12
2017 02 09 20 26
2017 02 09 23 06
2017 02 10 07 20
2017 02 10 08 25
2017 02 10 09 24
2017 02 10 12 51
2017 02 10 20 55
2017 02 10 21 58
2017 02 11 02 46
2017 02 11 07 31
2017 02 11 09 46
2017 02 11 15 36
2017 02 12 15 44
2017 02 13 06 37
2017 02 13 15 47
2017 02 13 17 24
2017 02 13 23 35
2017 02 14 06 10
2017 02 14 11 04
2017 02 14 16 28
2017 02 15 01 26
2017 02 15 05 22
2017 02 15 07 08
2017 02 16 04 06
2017 02 16 21 35
2017 02 17 04 56
2017 02 17 12 38
2017 02 17 15 57
2017 02 18 03 08
2017 02 18 08 04
2017 02 18 20 55
2017 02 19 02 35
2017 02 19 22 32
2017 02 19 23 06
2017 02 21 00 52
2017 02 21 03 12
2017 02 21 13 38
2017 02 22 05 34
2017 02 22 06 02
2017 02 23 00 41
2017 02 23 06 42
2017 02 23 06 52
2017 02 23 21 31
2017 02 24 03 22
2017 02 24 18 58
2017 02 24 23 13
2017 02 25 02 49
2017 02 25 17 17
2017 02 25 19 51
2017 02 26 16 07
2017 02 26 16 41
2017 02 26 17 58
2017 02 26 23 46
2017 02 27 01 15
2017 02 27 02 29
2017 02 27 10 49
2017 02 27 16 45
2017 02 27 18 46
2017 03 01 00 20
2017 03 01 09 50
2017 03 01 14 00
2017 03 01 16 18
2017 03 01 17 24
2017 03 02 07 25
2017 03 02 09 29
2017 03 02 09 57
2017 03 02 16 20
2017 03 02 20 46
2017 03 03 05 31
2017 03 03 14 03
2017 03 03 15 16
2017 03 04 01 24
2017 03 04 03 41
2017 03 04 09 31
2017 03 04 15 59
2017 03 05 22 14
2017 03 06 07 20
2017 03 06 11 57
2017 03 07 05 55
2017 03 07 05 57
2017 03 07 17 34
2017 03 08 05 49
2017 03 08 06 35
2017 03 09 06 24
2017 03 09 09 27
2017 03 09 20 32
2017 03 10 08 04
2017 03 10 12 02
2017 03 11 02 01
2017 03 11 02 25
2017 03 11 09 02
2017 03 11 11 34
2017 03 11 22 15
2017 03 12 01 17
2017 03 12 20 42
2017 03 13 02 44
2017 03 13 20 04
2017 03 14 00 39
2017 03 14 15 56
2017 03 14 18 07
2017 03 14 23 45
2017 03 15 20 12
2017 03 16 17 36
2017 03 16 18 24
2017 03 17 02 20
2017 03 17 11 52
2017 03 17 12 44
2017 03 18 12 29
2017 03 18 15 27
2017 03 19 02 17
2017 03 19 10 35
2017 03 19 20 27
2017 03 19 20 57
2017 03 19 21 06
2017 03 20 03 13
2017 03 21 11 03
2017 03 21 15 58
2017 03 21 19 16
2017 03 21 20 14
2017 03 21 23 11
2017 03 22 08 26
2017 03 22 10 32
2017 03 22 18 33
2017 03 23 10 02
2017 03 23 12 28
2017 03 24 01 22
2017 03 24 03 41
2017 03 24 06 02
2017 03 24 13 49
2017 03 24 15 41
2017 03 24 20 02
2017 03 24 22 36
2017 03 25 04 50
2017 03 25 07 11
2017 03 25 20 15
2017 03 26 09 54
2017 03 26 13 09
2017 03 26 14 50
2017 03 27 11 33
2017 03 27 16 41
2017 03 28 01 06
2017 03 28 07 28
2017 03 28 07 30
2017 03 28 11 20
2017 03 28 23 15
2017 04 02 19 14
2017 04 02 20 04
2017 04 02 21 28
2017 04 03 02 34
2017 04 03 08 14
2017 04 04 09 17
2017 04 05 14 01
2017 04 05 19 17
2017 04 05 20 03
2017 04 06 09 54
2017 04 06 16 33
2017 04 06 22 21
2017 04 07 16 25
2017 04 08 21 00
2017 04 09 01 27
2017 04 09 16 07
2017 04 09 18 52
2017 04 09 21 18
2017 04 10 04 56
2017 04 10 11 03
2017 04 10 12 31
2017 04 11 00 13
2017 04 11 05 57
2017 04 12 05 03
2017 04 12 06 03
2017 04 12 12 55
2017 04 12 15 50
2017 04 12 18 40
2017 04 12 21 33
2017 04 12 23 00
2017 04 13 16 44
2017 04 13 19 26
2017 04 14 04 57
2017 04 14 09 03
2017 04 15 05 36
2017 04 15 23 56
2017 04 17 10 02
2017 04 17 19 15
2017 04 18 01 54
2017 04 18 05 18
2017 04 18 08 54
2017 04 19 04 17
2017 04 19 06 08
2017 04 19 12 30
2017 04 20 02 02
2017 04 20 05 53
2017 04 20 06 41
2017 04 20 08 46
2017 04 20 21 39
2017 04 20 23 32
2017 04 21 05 05
2017 04 21 10 38
2017 04 21 14 02
2017 04 21 16 10
2017 04 22 00 52
2017 04 22 06 37
2017 04 22 10 55
2017 04 23 02 34
2017 04 23 19 52
2017 04 23 20 33
2017 04 23 21 13
2017 04 24 00 45
2017 04 24 15 15
2017 04 24 17 42
2017 04 24 18 30
2017 04 25 02 25
2017 04 25 02 38
2017 04 25 07 14
2017 04 25 10 48
2017 04 26 11 42
2017 04 26 12 27
2017 04 26 18 14
2017 04 26 18 54
2017 04 27 17 45
2017 04 28 01 55
2017 04 28 04 44
2017 05 01 01 06
2017 05 01 13 49
2017 05 01 22 21
2017 05 02 16 35
2017 05 02 19 55
2017 05 03 15 29
2017 05 04 16 15
2017 05 04 16 43
2017 05 04 23 31
2017 05 05 15 20
2017 05 06 05 23
2017 05 06 18 07
2017 05 07 08 59
2017 05 07 19 43
2017 05 07 20 52
2017 05 08 07 59
2017 05 09 10 00
2017 05 09 18 35
2017 05 09 21 44
2017 05 09 22 00
2017 05 09 23 57
2017 05 10 08 37
2017 05 10 12 36
2017 05 10 13 21
2017 05 10 14 58
2017 05 10 15 50
2017 05 10 20 10
2017 05 11 11 10
2017 05 11 21 29
2017 05 13 09 04
2017 05 13 10 38
2017 05 13 13 45
2017 05 14 00 09
2017 05 14 22 12
2017 05 15 01 08
2017 05 15 15 20
2017 05 15 15 52
2017 05 16 01 27
2017 05 17 00 44
2017 05 17 01 42
2017 05 17 17 30
2017 05 18 15 00
2017 05 18 22 03
2017 05 19 18 55
2017 05 19 19 35
2017 05 20 00 44
2017 05 20 05 11
2017 05 20 09 20
2017 05 21 01 12
2017 05 21 04 56
2017 05 21 12 06
2017 05 21 21 08
2017 05 22 15 56
2017 05 23 08 58
2017 05 23 20 56
2017 05 23 22 05
2017 05 24 11 15
2017 05 24 11 22
2017 05 24 21 55
2017 05 25 16 50
2017 05 26 01 06
2017 05 26 07 05
2017 05 26 17 34
2017 05 26 19 58
2017 06 01 09 42
2017 06 01 16 04
2017 06 01 19 47
2017 06 02 06 25
2017 06 02 10 45
2017 06 02 12 15
2017 06 02 13 21
2017 06 02 23 02
2017 06 03 01 48
2017 06 03 01 51
2017 06 03 06 25
2017 06 03 10 50
2017 06 04 03 51
2017 06 04 11 00
2017 06 05 21 22
2017 06 06 04 51
2017 06 06 07 16
2017 06 06 08 42
2017 06 06 13 50
2017 06 07 04 13
2017 06 07 23 18
2017 06 08 04 03
2017 06 08 18 40
2017 06 09 02 32
2017 06 09 21 35
2017 06 10 04 45
2017 06 11 17 12
2017 06 11 21 20
2017 06 11 23 31
2017 06 12 01 04
2017 06 12 04 34
2017 06 12 08 29
2017 06 12 12 56
2017 06 12 14 11
2017 06 13 12 34
2017 06 13 21 31
2017 06 14 01 16
2017 06 14 06 37
2017 06 14 10 47
2017 06 14 14 00
2017 06 14 17 05
2017 06 15 02 39
2017 06 15 15 43
2017 06 15 19 34
2017 06 15 21 26
2017 06 16 01 30
2017 06 16 02 47
2017 06 16 04 27
2017 06 16 07 16
2017 06 16 08 12
2017 06 16 09 09
2017 06 16 13 27
2017 06 17 15 11
2017 06 17 22 41
2017 06 18 03 19
2017 06 18 04 19
2017 06 18 07 55
2017 06 18 16 49
2017 06 19 01 09
2017 06 19 19 13
2017 06 20 04 03
2017 06 20 06 44
2017 06 20 07 07
2017 06 20 14 49
2017 06 20 16 25
2017 06 21 06 02
2017 06 21 20 33
2017 06 21 20 49
2017 06 21 21 51
2017 06 22 10 07
2017 06 24 01 01
2017 06 24 04 31
2017 06 24 17 40
2017 06 24 20 04
2017 06 25 01 58
2017 06 25 09 17
2017 06 25 16 12
2017 06 25 17 28
2017 06 26 07 27
2017 06 27 16 35
2017 06 27 19 06
2017 06 28 14 11
2017 06 28 17 39
2017 06 28 22 20
2017 06 28 22 31
2017 07 01 05 00
2017 07 02 09 26
2017 07 02 14 37
2017 07 02 22 05
2017 07 03 04 53
2017 07 03 06 44
2017 07 03 08 48
2017 07 03 16 12
2017 07 04 09 10
2017 07 04 10 48
2017 07 04 11 44
2017 07 04 13 35
2017 07 04 14 13
2017 07 04 14 33
2017 07 05 01 51
2017 07 05 06 58
2017 07 05 08 15
2017 07 05 11 36
2017 07 06 04 34
2017 07 06 10 20
2017 07 07 01 02
2017 07 08 00 56
2017 07 08 16 08
2017 07 09 02 31
2017 07 10 00 09
2017 07 10 04 24
2017 07 10 22 17
2017 07 11 08 49
2017 07 11 11 38
2017 07 13 12 10
2017 07 13 15 50
2017 07 14 00 50
2017 07 14 08 32
2017 07 14 11 40
2017 07 14 16 38
2017 07 14 21 07
2017 07 15 02 48
2017 07 15 05 32
2017 07 15 05 49
2017 07 16 14 20
2017 07 16 14 37
2017 07 16 16 58
2017 07 17 00 08
2017 07 17 05 42
2017 07 17 10 09
2017 07 18 00 10
2017 07 18 01 14
2017 07 18 02 04
2017 07 18 21 29
2017 07 19 08 16
2017 07 19 11 24
2017 07 19 15 29
2017 07 19 17 55
2017 07 19 22 34
2017 07 19 23 44
2017 07 20 01 31
2017 07 20 02 50
2017 07 20 03 50
2017 07 20 13 33
2017 07 22 04 15
2017 07 22 15 08
2017 07 22 17 25
2017 07 22 17 26
2017 07 23 01 37
2017 07 23 02 13
2017 07 23 08 33
2017 07 23 11 33
2017 07 24 01 22
2017 07 24 02 25
2017 07 24 02 49
2017 07 25 00 07
2017 07 25 12 26
2017 07 25 22 10
2017 07 26 00 10
2017 07 26 02 11
2017 07 26 08 39
2017 07 26 14 40
2017 07 26 20 34
2017 07 26 21 15
2017 07 28 02 40
2017 07 28 05 17
2017 07 28 08 55
2017 07 28 08 57
2017 07 28 14 48
2017 07 28 16 51
2017 08 01 10 42
2017 08 01 15 42
2017 08 01 23 00
2017 08 02 01 28
2017 08 02 04 29
2017 08 02 20 07
2017 08 03 23 09
2017 08 04 06 27
2017 08 06 03 59
2017 08 06 14 10
2017 08 06 15 34
2017 08 07 05 52
2017 08 07 07 10
2017 08 07 08 44
2017 08 07 09 20
2017 08 07 22 38
2017 08 08 19 21
2017 08 09 00 20
2017 08 09 12 18
2017 08 09 13 07
2017 08 10 03 21
2017 08 10 06 40
2017 08 10 08 40
2017 08 10 17 31
2017 08 10 21 46
2017 08 10 22 17
2017 08 10 22 20
2017 08 11 04 07
2017 08 11 07 09
2017 08 11 07 49
2017 08 11 17 01
2017 08 11 19 26
2017 08 12 00 30
2017 08 12 11 21
2017 08 12 17 42
2017 08 12 23 27
2017 08 13 19 39
2017 08 14 11 03
2017 08 14 16 53
2017 08 15 08 05
2017 08 16 16 43
2017 08 16 20 00
2017 08 17 02 23
2017 08 17 03 20
2017 08 17 20 27
2017 08 18 01 36
2017 08 18 02 42
2017 08 18 03 23
2017 08 18 06 57
2017 08 18 14 42
2017 08 18 22 07
2017 08 19 15 34
2017 08 19 18 00
2017 08 21 09 07
2017 08 21 15 43
2017 08 21 23 55
2017 08 23 07 15
2017 08 23 09 38
2017 08 23 20 53
2017 08 24 08 43
2017 08 24 17 52
2017 08 24 21 03
2017 08 25 02 59
2017 08 25 03 26
2017 08 25 09 28
2017 08 25 18 22
2017 08 26 10 55
2017 08 26 22 03
2017 08 26 23 17
2017 08 27 03 37
2017 08 27 18 03
2017 08 27 23 31
2017 08 28 11 12
2017 08 28 18 38
2017 09 02 15 07
2017 09 03 00 25
2017 09 03 02 50
2017 09 03 13 13
2017 09 04 02 58
2017 09 04 14 11
2017 09 04 20 02
2017 09 04 23 01
2017 09 05 04 08
2017 09 06 03 55
2017 09 07 02 35
2017 09 07 03 33
2017 09 07 05 18
2017 09 08 06 27
2017 09 08 10 02
2017 09 08 17 57
2017 09 08 21 46
2017 09 09 00 08
2017 09 09 01 56
2017 09 09 03 31
2017 09 09 07 26
2017 09 09 11 18
2017 09 09 16 31
2017 09 10 03 02
2017 09 10 15 13
2017 09 10 17 35
2017 09 10 21 53
2017 09 11 01 24
2017 09 11 10 24
2017 09 12 06 06
2017 09 13 09 10
2017 09 13 10 25
2017 09 13 11 58
2017 09 13 13 22
2017 09 13 17 50
2017 09 13 18 13
2017 09 14 00 12
2017 09 14 15 24
2017 09 15 03 29
2017 09 15 06 28
2017 09 15 08 10
2017 09 15 11 50
2017 09 16 16 07
2017 09 16 18 18
2017 09 16 21 27
2017 09 17 07 48
2017 09 17 14 39
2017 09 17 16 57
2017 09 17 19 02
2017 09 18 04 00
2017 09 18 09 03
2017 09 18 15 05
2017 09 18 22 13
2017 09 18 23 13
2017 09 19 15 47
2017 09 20 13 01
2017 09 21 00 11
2017 09 21 02 42
2017 09 21 08 48
2017 09 21 12 10
2017 09 21 16 49
2017 09 21 21 05
2017 09 21 23 24
2017 09 22 01 27
2017 09 22 05 38
2017 09 22 08 14
2017 09 22 17 10
2017 09 22 17 29
2017 09 23 00 19
2017 09 23 10 30
2017 09 23 15 52
2017 09 24 01 29
2017 09 24 06 09
2017 09 24 20 46
2017 09 25 07 46
2017 09 26 03 07
2017 09 26 08 17
2017 09 26 12 59
2017 09 27 01 05
2017 09 27 09 26
2017 09 27 22 13
2017 09 28 00 57
2017 09 28 09 02
2017 09 28 09 14
2017 09 28 13 10
2017 10 01 23 19
2017 10 02 02 14
2017 10 02 13 15
2017 10 03 07 53
2017 10 04 09 15
2017 10 04 13 05
2017 10 04 22 36
2017 10 05 14 30
2017 10 05 17 33
2017 10 05 21 32
2017 10 06 00 42
2017 10 06 12 00
2017 10 06 15 09
2017 10 06 22 38
2017 10 07 15 15
2017 10 07 18 33
2017 10 07 19 22
2017 10 08 12 24
2017 10 08 13 17
2017 10 09 00 49
2017 10 09 02 26
2017 10 09 02 51
2017 10 09 07 13
2017 10 10 00 59
2017 10 10 12 46
2017 10 10 16 11
2017 10 10 21 32
2017 10 11 15 03
2017 10 12 00 22
2017 10 12 02 13
2017 10 12 08 38
2017 10 13 17 26
2017 10 13 21 55
2017 10 14 11 17
2017 10 14 14 03
2017 10 14 17 14
2017 10 14 19 26
2017 10 15 01 42
2017 10 15 17 27
2017 10 16 01 08
2017 10 16 01 41
2017 10 16 03 51
2017 10 16 19 44
2017 10 17 12 09
2017 10 18 02 13
2017 10 18 16 12
2017 10 19 01 27
2017 10 19 09 16
2017 10 19 11 49
2017 10 19 13 48
2017 10 19 22 39
2017 10 20 02 36
2017 10 20 12 28
2017 10 21 00 49
2017 10 21 04 49
2017 10 21 05 20
2017 10 21 10 22
2017 10 22 00 57
2017 10 22 10 08
2017 10 22 22 51
2017 10 22 23 09
2017 10 23 02 27
2017 10 23 03 48
2017 10 23 06 37
2017 10 23 08 42
2017 10 23 13 12
2017 10 24 00 34
2017 10 24 16 16
2017 10 24 16 25
2017 10 25 01 32
2017 10 25 10 49
2017 10 26 00 39
2017 10 26 04 02
2017 10 26 06 30
2017 10 26 09 52
2017 10 26 15 23
2017 10 26 18 52
2017 10 26 22 44
2017 10 27 04 08
2017 10 27 04 55
2017 10 27 11 28
2017 10 27 14 50
2017 10 27 17 20
2017 10 28 03 44
2017 10 28 17 28
2017 10 28 21 58
2017 11 01 04 56
2017 11 01 10 19
2017 11 01 14 46
2017 11 01 16 39
2017 11 03 17 26
2017 11 03 19 18
2017 11 03 22 57
2017 11 04 16 50
2017 11 04 22 02
2017 11 05 00 56
2017 11 05 18 13
2017 11 05 23 48
2017 11 05 23 54
2017 11 06 00 47
2017 11 06 12 15
2017 11 06 16 58
2017 11 06 20 16
2017 11 07 08 26
2017 11 07 21 24
2017 11 07 21 36
2017 11 08 04 44
2017 11 08 10 11
2017 11 10 02 56
2017 11 10 13 22
2017 11 12 10 28
2017 11 12 15 35
2017 11 12 20 07
2017 11 13 01 11
2017 11 13 06 45
2017 11 13 10 39
2017 11 13 15 10
2017 11 13 22 52
2017 11 14 08 14
2017 11 14 12 13
2017 11 15 07 55
2017 11 15 11 09
2017 11 15 16 04
2017 11 15 21 25
2017 11 15 21 55
2017 11 16 01 55
2017 11 16 10 29
2017 11 16 22 41
2017 11 16 23 38
2017 11 17 18 07
2017 11 17 18 39
2017 11 18 05 36
2017 11 18 13 42
2017 11 18 19 39
2017 11 19 12 28
2017 11 19 17 11
2017 11 20 20 56
2017 11 22 10 12
2017 11 22 23 39
2017 11 23 00 36
2017 11 23 06 02
2017 11 23 09 19
2017 11 23 11 59
2017 11 23 19 57
2017 11 23 23 28
2017 11 24 00 38
2017 11 24 01 42
2017 11 24 16 18
2017 11 25 14 15
2017 11 25 14 39
2017 11 26 14 25
2017 11 27 04 43
2017 11 27 16 13
2017 11 27 19 04
2017 11 28 01 03
2017 11 28 07 00
2017 11 28 11 08
2017 11 28 19 33
2017 11 28 23 50
2017 12 01 00 36
2017 12 01 08 07
2017 12 01 12 40
2017 12 01 22 19
2017 12 01 23 22
2017 12 02 04 06
2017 12 02 07 03
2017 12 02 12 19
2017 12 02 16 20
2017 12 02 17 27
2017 12 03 08 38
2017 12 03 09 05
2017 12 03 12 11
2017 12 03 16 33
2017 12 04 04 27
2017 12 04 07 36
2017 12 05 05 09
2017 12 05 09 52
2017 12 05 14 22
2017 12 05 23 34
2017 12 06 10 03
2017 12 06 20 38
2017 12 07 12 03
2017 12 07 14 34
2017 12 07 16 35
2017 12 07 17 57
2017 12 08 06 04
2017 12 08 09 08
2017 12 08 15 15
2017 12 08 18 27
2017 12 08 23 23
2017 12 09 06 09
2017 12 09 14 01
2017 12 09 16 07
2017 12 10 00 55
2017 12 10 00 57
2017 12 11 03 05
2017 12 11 06 38
2017 12 11 10 51
2017 12 12 05 26
2017 12 12 14 24
2017 12 13 12 07
2017 12 13 12 11
2017 12 13 14 19
2017 12 14 08 04
2017 12 14 13 49
2017 12 14 14 17
2017 12 16 03 56
2017 12 16 22 56
2017 12 17 02 57
2017 12 17 04 02
2017 12 17 17 47
2017 12 17 22 06
2017 12 18 08 29
2017 12 18 09 16
2017 12 18 10 12
2017 12 18 10 15
2017 12 18 18 07
2017 12 18 20 49
2017 12 19 17 02
2017 12 19 22 01
2017 12 20 00 02
2017 12 20 04 18
2017 12 20 13 18
2017 12 20 15 38
2017 12 20 22 35
2017 12 21 00 01
2017 12 21 20 16
2017 12 22 21 16
2017 12 23 02 37
2017 12 23 17 09
2017 12 23 20 15
2017 12 24 14 08
2017 12 24 18 10
2017 12 24 22 28
2017 12 25 10 45
2017 12 25 20 08
2017 12 26 03 53
2017 12 26 10 45
2017 12 26 13 17
2017 12 27 02 10
2017 12 27 16 12
2017 12 28 01 17
2017 12 28 02 05
2017 12 28 11 16
2018 01 01 08 56
2018 01 01 20 55
2018 01 02 11 00
2018 01 02 17 11
2018 01 02 19 55
2018 01 03 03 11
2018 01 03 15 03
2018 01 03 15 09
2018 01 03 20 25
2018 01 04 00 37
2018 01 04 05 24
2018 01 04 06 09
2018 01 04 09 44
2018 01 04 11 03
2018 01 05 06 40
2018 01 05 23 47
2018 01 06 04 53
2018 01 06 09 16
2018 01 07 02 54
2018 01 07 04 30
2018 01 07 06 40
2018 01 09 08 12
2018 01 10 16 46
2018 01 11 11 12
2018 01 12 19 07
2018 01 12 20 58
2018 01 13 14 13
2018 01 13 16 22
2018 01 13 20 26
2018 01 14 04 11
2018 01 14 09 38
2018 01 14 11 05
2018 01 14 12 02
2018 01 14 15 49
2018 01 14 19 00
2018 01 14 20 59
2018 01 15 07 35
2018 01 15 11 26
2018 01 15 13 50
2018 01 15 17 02
2018 01 16 01 47
2018 01 16 20 20
2018 01 18 01 15
2018 01 18 12 22
2018 01 18 17 45
2018 01 18 18 17
2018 01 19 15 26
2018 01 20 04 39
2018 01 20 15 33
2018 01 21 05 03
2018 01 21 08 52
2018 01 21 12 15
2018 01 21 22 27
2018 01 22 20 21
2018 01 23 19 51
2018 01 24 05 39
2018 01 24 06 03
2018 01 24 16 17
2018 01 24 16 36
2018 01 25 14 49
2018 01 26 10 55
2018 01 26 11 28
2018 01 26 18 11
2018 01 26 21 04
2018 01 26 23 58
2018 01 27 01 25
2018 01 27 07 47
2018 01 27 18 15
2018 01 28 09 17
2018 01 28 12 08
2018 02 01 15 20
2018 02 01 16 35
2018 02 02 17 00
2018 02 03 02 54
2018 02 03 05 10
2018 02 03 08 05
2018 02 03 14 20
2018 02 04 15 14
2018 02 05 00 40
2018 02 05 01 10
2018 02 05 02 36
2018 02 05 17 32
2018 02 05 19 10
2018 02 06 18 23
2018 02 07 03 18
2018 02 08 00 32
2018 02 08 23 52
2018 02 09 01 54
2018 02 09 04 14
2018 02 09 07 33
2018 02 09 13 26
2018 02 09 19 15
2018 02 10 04 14
2018 02 10 10 53
2018 02 10 15 16
2018 02 10 18 40
2018 02 10 22 10
2018 02 11 04 26
2018 02 11 09 08
2018 02 11 12 45
2018 02 11 15 04
2018 02 11 21 32
2018 02 12 10 04
2018 02 12 12 16
2018 02 12 13 26
2018 02 12 13 40
2018 02 13 02 22
2018 02 13 06 09
2018 02 13 17 37
2018 02 13 20 06
2018 02 14 07 41
2018 02 14 08 05
2018 02 14 11 46
2018 02 14 13 57
2018 02 14 15 07
2018 02 15 07 42
2018 02 15 11 55
2018 02 15 14 17
2018 02 15 14 41
2018 02 16 19 40
2018 02 17 02 49
2018 02 17 03 00
2018 02 18 04 04
2018 02 18 12 07
2018 02 19 11 03
2018 02 19 11 38
2018 02 22 04 41
2018 02 22 07 37
2018 02 22 18 37
2018 02 23 00 21
2018 02 23 16 50
2018 02 23 17 15
2018 02 24 01 45
2018 02 24 02 26
2018 02 24 07 47
2018 02 24 08 01
2018 02 24 08 33
2018 02 25 05 33
2018 02 25 16 07
2018 02 26 00 01
2018 02 26 12 20
2018 02 27 13 30
2018 02 28 00 37
2018 02 28 07 13
2018 02 28 08 28
2018 02 28 08 44
2018 02 28 20 47
2018 02 28 21 10
2018 02 28 21 35
2018 03 01 12 08
2018 03 02 03 48
2018 03 02 11 29
2018 03 02 17 09
2018 03 03 18 23
2018 03 03 21 52
2018 03 04 10 45
2018 03 04 16 59
2018 03 04 17 32
2018 03 04 21 47
2018 03 05 06 28
2018 03 05 13 37
2018 03 05 15 35
2018 03 05 22 07
2018 03 05 23 24
2018 03 06 05 10
2018 03 06 18 32
2018 03 07 01 09
2018 03 07 09 44
2018 03 07 13 35
2018 03 07 14 14
2018 03 07 17 50
2018 03 08 00 05
2018 03 08 07 41
2018 03 08 08 42
2018 03 08 08 46
2018 03 08 23 35
2018 03 09 02 56
2018 03 09 07 04
2018 03 09 11 11
2018 03 09 22 19
2018 03 10 01 19
2018 03 10 01 40
2018 03 10 05 37
2018 03 10 17 22
2018 03 11 03 17
2018 03 11 09 52
2018 03 11 13 23
2018 03 11 17 13
2018 03 12 08 23
2018 03 12 13 26
2018 03 12 13 53
2018 03 12 20 15
2018 03 13 09 59
2018 03 13 10 58
2018 03 13 23 54
2018 03 14 04 05
2018 03 14 09 19
2018 03 14 17 14
2018 03 14 23 12
2018 03 15 00 26
2018 03 15 00 42
2018 03 15 08 49
2018 03 15 14 15
2018 03 16 02 36
2018 03 16 06 56
2018 03 16 19 42
2018 03 17 17 18
2018 03 17 18 11
2018 03 19 03 34
2018 03 19 06 59
2018 03 19 21 12
2018 03 20 05 26
2018 03 20 06 26
2018 03 20 11 37
2018 03 21 11 08
2018 03 21 12 53
2018 03 22 07 11
2018 03 22 09 31
2018 03 22 16 11
2018 03 23 05 22
2018 03 24 13 25
2018 03 24 17 13
2018 03 24 20 24
2018 03 25 13 45
2018 03 25 22 32
2018 03 26 03 22
2018 03 26 03 43
2018 03 26 03 45
2018 03 26 09 58
2018 03 26 14 16
2018 03 27 11 16
2018 03 27 18 56
2018 03 27 21 29
2018 03 28 02 01
2018 03 28 05 32
2018 03 28 07 36
2018 03 28 07 50
2018 03 28 12 48
2018 03 28 19 37
2018 03 28 23 13
2018 04 01 00 14
2018 04 01 09 21
2018 04 01 09 51
2018 04 02 01 51
2018 04 02 21 08
2018 04 03 04 19
2018 04 03 04 37
2018 04 03 07 04
2018 04 03 07 27
2018 04 03 10 37
2018 04 04 03 01
2018 04 04 16 59
2018 04 04 22 55
2018 04 05 03 02
2018 04 05 05 47
2018 04 05 08 19
2018 04 05 09 07
2018 04 06 07 25
2018 04 06 07 40
2018 04 06 10 01
2018 04 06 22 59
2018 04 07 07 37
2018 04 07 07 41
2018 04 07 09 11
2018 04 07 09 56
2018 04 08 09 09
2018 04 08 12 47
2018 04 08 18 24
2018 04 08 20 37
2018 04 09 00 50
2018 04 09 13 41
2018 04 10 10 32
2018 04 10 16 58
2018 04 11 15 23
2018 04 12 14 54
2018 04 12 18 08
2018 04 13 01 45
2018 04 13 04 48
2018 04 13 16 33
2018 04 13 22 05
2018 04 15 12 11
2018 04 15 12 14
2018 04 15 13 20
2018 04 15 13 26
2018 04 16 03 05
2018 04 16 12 05
2018 04 16 19 41
2018 04 16 23 42
2018 04 17 01 12
2018 04 17 04 14
2018 04 17 14 48
2018 04 17 16 48
2018 04 17 20 58
2018 04 17 23 36
2018 04 18 21 29
2018 04 19 19 21
2018 04 19 19 38
2018 04 20 10 52
2018 04 20 17 43
2018 04 20 18 38
2018 04 21 02 05
2018 04 21 04 30
2018 04 21 16 17
2018 04 21 19 41
2018 04 22 07 29
2018 04 22 20 40
2018 04 23 07 29
2018 04 23 19 37
2018 04 24 01 25
2018 04 24 04 01
2018 04 24 14 59
2018 04 24 20 57
2018 04 25 02 52
2018 04 25 03 53
2018 04 25 16 33
2018 04 26 01 09
2018 04 26 01 37
2018 04 26 12 22
2018 04 26 22 24
2018 04 27 08 22
2018 04 27 21 16
2018 04 27 22 31
2018 04 28 00 10
2018 04 28 00 19
2018 04 28 04 24
2018 04 28 10 30
2018 04 28 21 48
2018 05 02 11 16
2018 05 02 16 13
2018 05 02 16 52
2018 05 02 21 32
2018 05 03 02 50
2018 05 03 10 10
2018 05 03 10 27
2018 05 03 17 16
2018 05 03 22 37
2018 05 03 23 05
2018 05 04 05 30
2018 05 04 08 19
2018 05 04 18 07
2018 05 05 04 46
2018 05 05 21 30
2018 05 06 11 58
2018 05 06 12 38
2018 05 07 05 05
2018 05 07 11 16
2018 05 07 15 07
2018 05 07 20 36
2018 05 08 01 40
2018 05 08 13 31
2018 05 08 14 03
2018 05 09 08 30
2018 05 09 12 30
2018 05 09 13 17
2018 05 09 22 20
2018 05 09 23 08
2018 05 09 23 25
2018 05 10 07 09
2018 05 10 15 21
2018 05 10 20 19
2018 05 10 22 31
2018 05 10 23 54
2018 05 11 06 50
2018 05 11 13 46
2018 05 11 17 41
2018 05 11 19 45
2018 05 12 00 52
2018 05 12 12 24
2018 05 12 16 27
2018 05 14 00 27
2018 05 14 00 59
2018 05 14 04 38
2018 05 14 16 12
2018 05 15 02 32
2018 05 15 13 04
2018 05 16 02 21
2018 05 16 09 23
2018 05 16 23 46
2018 05 17 00 55
2018 05 17 12 19
2018 05 17 20 03
2018 05 18 14 02
2018 05 18 16 49
2018 05 18 17 22
2018 05 18 23 55
2018 05 19 04 44
2018 05 19 10 13
2018 05 19 18 02
2018 05 19 19 01
2018 05 19 19 23
2018 05 19 20 57
2018 05 20 16 17
2018 05 21 01 36
2018 05 21 02 38
2018 05 21 12 08
2018 05 22 04 41
2018 05 22 17 35
2018 05 23 03 21
2018 05 23 11 41
2018 05 23 21 38
2018 05 24 01 30
2018 05 24 22 56
2018 05 25 07 17
2018 05 25 08 40
2018 05 25 18 23
2018 05 26 03 05
2018 05 26 03 48
2018 05 26 08 32
2018 05 27 19 53
2018 05 27 21 45
2018 05 28 02 00
2018 05 28 03 31
2018 05 28 07 47
2018 05 28 10 55
2018 06 01 04 03
2018 06 01 16 31
2018 06 01 21 16
2018 06 02 04 19
2018 06 02 17 58
2018 06 03 07 59
2018 06 03 11 14
2018 06 04 01 24
2018 06 04 02 06
2018 06 04 12 26
2018 06 04 14 09
2018 06 04 20 23
2018 06 05 18 59
2018 06 05 20 34
2018 06 06 14 04
2018 06 07 01 31
2018 06 07 03 22
2018 06 07 12 45
2018 06 07 15 09
2018 06 07 16 30
2018 06 07 18 07
2018 06 07 23 09
2018 06 08 12 34
2018 06 08 14 24
2018 06 10 18 03
2018 06 11 10 43
2018 06 11 18 55
2018 06 12 07 42
2018 06 13 09 11
2018 06 13 16 12
2018 06 14 00 37
2018 06 15 13 58
2018 06 16 02 31
2018 06 16 08 29
2018 06 16 12 44
2018 06 16 13 42
2018 06 17 02 51
2018 06 17 22 43
2018 06 18 05 06
2018 06 18 11 08
2018 06 18 17 07
2018 06 18 19 32
2018 06 19 02 43
2018 06 19 17 25
2018 06 19 21 57
2018 06 19 23 51
2018 06 20 07 02
2018 06 20 12 04
2018 06 20 13 25
2018 06 20 20 27
2018 06 20 22 56
2018 06 21 00 41
2018 06 21 07 27
2018 06 21 14 18
2018 06 22 02 09
2018 06 22 12 47
2018 06 22 21 49
2018 06 23 00 18
2018 06 23 11 57
2018 06 24 02 10
2018 06 24 02 28
2018 06 24 03 44
2018 06 24 05 34
2018 06 24 08 18
2018 06 24 20 44
2018 06 24 23 58
2018 06 25 01 53
2018 06 26 02 09
2018 06 26 06 16
2018 06 26 09 50
2018 06 26 14 29
2018 06 27 06 39
2018 06 27 08 50
2018 06 27 16 53
2018 06 28 08 05
2018 06 28 19 37
2018 07 01 13 08
2018 07 01 15 44
2018 07 01 21 20
2018 07 02 12 23
2018 07 03 01 57
2018 07 03 10 49
2018 07 04 04 19
2018 07 04 19 42
2018 07 04 20 55
2018 07 05 01 37
2018 07 05 12 40
2018 07 06 00 59
2018 07 06 01 53
2018 07 06 03 48
2018 07 06 11 46
2018 07 07 00 35
2018 07 08 03 59
2018 07 08 19 29
2018 07 09 00 08
2018 07 09 05 57
2018 07 09 06 52
2018 07 10 11 48
2018 07 10 13 56
2018 07 10 20 31
2018 07 11 18 01
2018 07 12 16 53
2018 07 12 21 44
2018 07 13 20 26
2018 07 13 23 07
2018 07 14 22 21
2018 07 15 02 57
2018 07 15 15 16
2018 07 15 17 36
2018 07 16 15 36
2018 07 16 19 16
2018 07 17 05 21
2018 07 17 06 47
2018 07 17 07 46
2018 07 17 08 14
2018 07 17 09 09
2018 07 18 05 55
2018 07 18 07 19
2018 07 19 06 48
2018 07 19 06 57
2018 07 19 15 35
2018 07 19 19 31
2018 07 20 10 27
2018 07 20 18 23
2018 07 21 03 01
2018 07 21 04 21
2018 07 22 09 33
2018 07 22 15 51
2018 07 22 18 49
2018 07 23 00 57
2018 07 23 13 52
2018 07 25 04 19
2018 07 25 06 34
2018 07 25 13 45
2018 07 25 14 51
2018 07 25 17 40
2018 07 26 03 42
2018 07 26 10 14
2018 07 26 12 46
2018 07 26 17 19
2018 07 26 20 20
2018 07 27 16 29
2018 08 01 05 31
2018 08 01 09 33
2018 08 01 09 40
2018 08 02 05 27
2018 08 02 09 24
2018 08 02 21 44
2018 08 03 01 35
2018 08 03 02 06
2018 08 03 11 06
2018 08 03 19 42
2018 08 04 22 48
2018 08 05 01 23
2018 08 05 13 04
2018 08 05 18 09
2018 08 06 07 05
2018 08 06 15 49
2018 08 06 21 03
2018 08 07 03 35
2018 08 07 09 56
2018 08 07 14 59
2018 08 07 16 04
2018 08 08 12 32
2018 08 09 07 14
2018 08 09 11 21
2018 08 09 17 46
2018 08 09 20 57
2018 08 10 05 58
2018 08 10 13 19
2018 08 10 15 46
2018 08 10 19 58
2018 08 11 17 53
2018 08 12 05 25
2018 08 12 05 59
2018 08 12 15 47
2018 08 12 16 52
2018 08 12 17 44
2018 08 13 10 59
2018 08 14 04 04
2018 08 14 08 49
2018 08 14 14 27
2018 08 14 21 17
2018 08 15 06 39
2018 08 15 09 15
2018 08 15 11 15
2018 08 15 11 42
2018 08 15 12 00
2018 08 15 20 31
2018 08 16 05 51
2018 08 16 11 14
2018 08 16 16 38
2018 08 16 18 14
2018 08 16 20 22
2018 08 17 01 30
2018 08 17 08 30
2018 08 17 19 44
2018 08 18 09 33
2018 08 18 19 00
2018 08 19 00 11
2018 08 19 21 07
2018 08 20 08 31
2018 08 20 12 14
2018 08 21 05 24
2018 08 21 05 32
2018 08 21 19 18
2018 08 21 21 10
2018 08 22 08 21
2018 08 22 16 38
2018 08 22 17 52
2018 08 22 18 08
2018 08 24 00 37
2018 08 24 06 17
2018 08 24 11 51
2018 08 24 11 54
2018 08 24 15 42
2018 08 24 18 27
2018 08 24 19 03
2018 08 24 21 13
2018 08 25 04 06
2018 08 25 15 22
2018 08 25 19 47
2018 08 25 22 25
2018 08 26 03 13
2018 08 26 03 53
2018 08 27 04 09
2018 08 27 04 24
2018 08 27 10 38
2018 08 27 18 46
2018 08 28 19 44
2018 08 28 23 00
2018 09 01 02 07
2018 09 01 13 04
2018 09 01 13 27
2018 09 01 14 43
2018 09 01 19 23
2018 09 02 01 49
2018 09 02 07 17
2018 09 02 12 17
2018 09 02 15 23
2018 09 02 16 26
2018 09 02 23 07
2018 09 03 03 35
2018 09 03 13 46
2018 09 03 23 06
2018 09 04 02 45
2018 09 04 20 02
2018 09 05 02 24
2018 09 05 05 10
2018 09 05 07 54
2018 09 05 18 05
2018 09 05 18 30
2018 09 06 02 09
2018 09 06 10 45
2018 09 06 14 16
2018 09 06 17 12
2018 09 07 05 56
2018 09 07 12 10
2018 09 07 14 57
2018 09 07 15 51
2018 09 07 17 02
2018 09 08 05 05
2018 09 08 06 08
2018 09 09 02 28
2018 09 09 03 48
2018 09 09 09 35
2018 09 09 21 33
2018 09 10 07 17
2018 09 10 14 14
2018 09 10 21 26
2018 09 11 09 32
2018 09 12 01 17
2018 09 12 01 19
2018 09 12 08 02
2018 09 12 10 57
2018 09 12 11 25
2018 09 12 12 24
2018 09 12 15 42
2018 09 13 20 44
2018 09 14 07 58
2018 09 14 12 47
2018 09 14 16 31
2018 09 14 20 59
2018 09 15 01 52
2018 09 15 08 38
2018 09 15 13 36
2018 09 16 00 17
2018 09 16 02 45
2018 09 16 04 46
2018 09 16 07 03
2018 09 16 11 42
2018 09 16 11 49
2018 09 16 22 25
2018 09 17 20 07
2018 09 17 20 53
2018 09 18 01 55
2018 09 18 06 29
2018 09 18 15 38
2018 09 19 01 52
2018 09 19 04 22
2018 09 19 05 49
2018 09 19 16 45
2018 09 19 19 26
2018 09 19 19 31
2018 09 19 22 51
2018 09 20 03 11
2018 09 20 08 08
2018 09 20 21 30
2018 09 21 10 20
2018 09 21 21 43
2018 09 22 05 42
2018 09 22 05 48
2018 09 23 07 13
2018 09 23 14 40
2018 09 24 16 37
2018 09 25 01 00
2018 09 25 11 35
2018 09 26 09 15
2018 09 26 11 44
2018 09 27 05 14
2018 09 27 10 25
2018 09 27 17 08
2018 09 28 00 33
2018 09 28 03 27
2018 09 28 03 27
2018 09 28 09 32
2018 09 28 11 50
2018 09 28 17 20
2018 09 28 19 01
2018 10 01 01 21
2018 10 01 13 43
2018 10 01 20 33
2018 10 02 12 30
2018 10 02 14 40
2018 10 02 16 49
2018 10 03 02 01
2018 10 03 04 31
2018 10 03 09 57
2018 10 03 11 32
2018 10 03 14 04
2018 10 04 15 10
2018 10 04 19 18
2018 10 04 21 37
2018 10 04 22 13
2018 10 05 01 21
2018 10 05 02 55
2018 10 05 20 20
2018 10 06 07 40
2018 10 06 17 17
2018 10 06 17 23
2018 10 07 02 27
2018 10 07 22 33
2018 10 08 05 33
2018 10 08 07 34
2018 10 08 17 16
2018 10 09 02 33
2018 10 09 04 06
2018 10 09 22 06
2018 10 10 13 45
2018 10 11 14 52
2018 10 11 19 19
2018 10 11 23 25
2018 10 12 00 17
2018 10 12 20 14
2018 10 13 01 00
2018 10 13 23 18
2018 10 14 01 57
2018 10 15 01 26
2018 10 15 01 39
2018 10 15 03 48
2018 10 15 19 46
2018 10 16 14 18
2018 10 17 01 18
2018 10 17 08 23
2018 10 17 08 31
2018 10 17 11 46
2018 10 17 21 19
2018 10 18 01 10
2018 10 18 06 33
2018 10 18 08 41
2018 10 18 11 03
2018 10 18 22 46
2018 10 19 05 00
2018 10 19 05 41
2018 10 19 12 31
2018 10 20 11 20
2018 10 20 14 18
2018 10 20 23 14
2018 10 22 12 51
2018 10 23 00 20
2018 10 23 00 51
2018 10 23 14 40
2018 10 23 20 16
2018 10 23 23 52
2018 10 24 11 21
2018 10 24 11 21
2018 10 24 15 36
2018 10 24 23 37
2018 10 25 03 00
2018 10 25 09 44
2018 10 25 16 17
2018 10 26 06 53
2018 10 26 13 55
2018 10 27 09 32
2018 10 28 07 46
2018 10 28 20 24
2018 11 01 02 11
2018 11 01 05 50
2018 11 02 11 51
2018 11 03 04 07
2018 11 04 02 52
2018 11 04 03 35
2018 11 04 06 22
2018 11 04 23 32
2018 11 05 12 46
2018 11 06 19 13
2018 11 07 07 46
2018 11 07 10 50
2018 11 07 14 50
2018 11 08 09 42
2018 11 08 13 02
2018 11 08 16 21
2018 11 10 08 41
2018 11 10 13 33
2018 11 11 07 55
2018 11 11 21 03
2018 11 12 16 57
2018 11 12 22 02
2018 11 13 06 07
2018 11 14 02 21
2018 11 14 05 12
2018 11 14 07 41
2018 11 15 02 57
2018 11 16 09 32
2018 11 16 19 50
2018 11 17 11 49
2018 11 17 16 10
2018 11 17 16 38
2018 11 18 00 39
2018 11 18 05 28
2018 11 18 06 08
2018 11 18 06 21
2018 11 18 10 48
2018 11 18 11 46
2018 11 18 14 49
2018 11 19 01 14
2018 11 19 14 34
2018 11 19 15 27
2018 11 19 17 32
2018 11 19 22 31
2018 11 20 00 26
2018 11 20 12 35
2018 11 20 12 50
2018 11 20 18 30
2018 11 20 21 11
2018 11 21 02 10
2018 11 21 05 07
2018 11 22 02 37
2018 11 22 03 54
2018 11 22 19 45
2018 11 22 20 46
2018 11 23 02 14
2018 11 23 18 47
2018 11 24 03 46
2018 11 24 09 43
2018 11 24 14 29
2018 11 24 15 37
2018 11 25 12 35
2018 11 26 07 17
2018 11 26 19 49
2018 11 28 07 39
2018 12 01 01 59
2018 12 02 02 03
2018 12 02 07 47
2018 12 02 14 30
2018 12 02 23 50
2018 12 03 08 51
2018 12 03 12 15
2018 12 04 22 31
2018 12 05 08 30
2018 12 05 14 38
2018 12 05 15 05
2018 12 06 04 55
2018 12 06 12 33
2018 12 06 14 08
2018 12 06 22 00
2018 12 07 05 08
2018 12 07 08 09
2018 12 07 18 28
2018 12 07 18 45
2018 12 07 19 37
2018 12 08 23 40
2018 12 09 10 36
2018 12 09 13 02
2018 12 09 18 19
2018 12 09 22 18
2018 12 10 02 38
2018 12 10 04 07
2018 12 10 07 58
2018 12 10 10 06
2018 12 10 12 04
2018 12 10 17 48
2018 12 10 18 59
2018 12 11 12 52
2018 12 11 21 15
2018 12 12 03 52
2018 12 12 14 45
2018 12 12 16 09
2018 12 12 23 49
2018 12 13 16 49
2018 12 13 22 33
2018 12 13 22 48
2018 12 14 15 19
2018 12 14 19 36
2018 12 14 19 40
2018 12 15 07 15
2018 12 15 08 27
2018 12 15 08 43
2018 12 15 12 50
2018 12 16 10 44
2018 12 16 19 02
2018 12 17 11 00
2018 12 17 15 17
2018 12 18 13 16
2018 12 18 18 04
2018 12 19 06 01
2018 12 19 07 34
2018 12 19 14 48
2018 12 19 18 46
2018 12 20 04 57
2018 12 20 05 03
2018 12 20 10 07
2018 12 20 23 31
2018 12 21 12 04
2018 12 21 12 56
2018 12 21 16 45
2018 12 21 19 22
2018 12 21 20 25
2018 12 22 01 22
2018 12 22 04 57
2018 12 23 07 21
2018 12 23 13 04
2018 12 23 22 07
2018 12 24 07 59
2018 12 24 08 00
2018 12 24 11 26
2018 12 24 16 34
2018 12 24 22 22
2018 12 25 00 34
2018 12 25 01 50
2018 12 25 07 50
2018 12 25 15 05
2018 12 25 20 23
2018 12 26 11 47
2018 12 28 05 37
2018 12 28 09 46
2018 12 28 11 40
