2014 01 01 01 15
2014 01 01 03 08
2014 01 01 12 01
2014 01 01 16 33
2014 01 01 19 00
2014 01 02 00 25
2014 01 02 21 49
2014 01 03 14 02
2014 01 03 18 50
2014 01 04 03 27
2014 01 04 08 24
2014 01 05 18 13
2014 01 06 00 53
2014 01 06 06 15
2014 01 06 08 33
2014 01 06 21 24
2014 01 06 23 41
2014 01 07 09 27
2014 01 07 12 42
2014 01 07 22 02
2014 01 08 02 48
2014 01 08 19 00
2014 01 09 06 02
2014 01 09 07 16
2014 01 09 20 57
2014 01 10 04 35
2014 01 10 17 00
2014 01 10 23 36
2014 01 11 02 05
2014 01 12 05 05
2014 01 12 09 06
2014 01 12 10 11
2014 01 12 16 43
2014 01 12 17 07
2014 01 12 18 14
2014 01 13 21 34
2014 01 15 00 22
2014 01 15 04 42
2014 01 15 05 43
2014 01 15 07 39
2014 01 15 22 02
2014 01 16 06 04
2014 01 16 09 54
2014 01 16 12 15
2014 01 17 17 25
2014 01 17 21 36
2014 01 18 16 28
2014 01 18 23 24
2014 01 19 01 11
2014 01 19 11 05
2014 01 19 13 50
2014 01 19 23 53
2014 01 20 02 42
2014 01 20 13 57
2014 01 20 14 28
2014 01 20 16 29
2014 01 20 20 03
2014 01 20 21 11
2014 01 20 23 52
2014 01 21 00 17
2014 01 21 09 15
2014 01 21 09 38
2014 01 21 13 42
2014 01 22 09 40
2014 01 22 21 53
2014 01 23 06 19
2014 01 23 14 48
2014 01 25 09 27
2014 01 26 11 21
2014 01 26 16 32
2014 01 28 08 39
2014 01 28 23 39
2014 02 01 13 33
2014 02 01 19 57
2014 02 01 22 46
2014 02 01 23 37
2014 02 02 00 04
2014 02 02 12 14
2014 02 03 02 16
2014 02 03 03 47
2014 02 03 14 47
2014 02 03 19 15
2014 02 03 21 28
2014 02 04 05 32
2014 02 04 07 23
2014 02 04 08 52
2014 02 04 10 09
2014 02 04 12 37
2014 02 05 07 47
2014 02 05 12 49
2014 02 05 16 50
2014 02 05 19 38
2014 02 05 22 52
2014 02 06 04 25
2014 02 06 08 02
2014 02 06 13 24
2014 02 06 14 26
2014 02 06 16 07
2014 02 06 17 38
2014 02 07 09 37
2014 02 07 11 41
2014 02 07 14 50
2014 02 08 00 00
2014 02 08 03 27
2014 02 08 10 28
2014 02 08 14 45
2014 02 08 16 19
2014 02 09 09 24
2014 02 10 01 58
2014 02 10 03 37
2014 02 10 10 46
2014 02 10 12 09
2014 02 10 13 23
2014 02 10 22 56
2014 02 12 00 11
2014 02 12 22 48
2014 02 13 05 49
2014 02 14 03 40
2014 02 15 13 49
2014 02 15 19 30
2014 02 16 19 23
2014 02 16 23 39
2014 02 16 23 45
2014 02 17 04 35
2014 02 17 07 17
2014 02 17 18 17
2014 02 17 22 21
2014 02 19 03 14
2014 02 19 21 29
2014 02 20 00 24
2014 02 20 06 44
2014 02 20 16 17
2014 02 20 23 24
2014 02 21 05 57
2014 02 21 06 02
2014 02 21 09 18
2014 02 21 15 18
2014 02 22 16 33
2014 02 22 18 49
2014 02 23 02 54
2014 02 23 03 19
2014 02 23 04 44
2014 02 23 06 24
2014 02 23 09 01
2014 02 23 16 36
2014 02 23 21 16
2014 02 24 01 54
2014 02 24 17 31
2014 02 24 19 40
2014 02 24 21 03
2014 02 24 22 44
2014 02 25 12 15
2014 02 25 14 18
2014 02 25 22 36
2014 02 26 02 33
2014 02 26 12 20
2014 02 26 13 14
2014 02 26 15 39
2014 02 26 23 21
2014 02 27 16 10
2014 02 27 20 00
2014 02 27 20 36
2014 02 27 20 49
2014 02 28 00 14
2014 02 28 13 03
2014 02 28 15 48
2014 02 28 21 39
2014 03 01 12 15
2014 03 02 14 03
2014 03 02 15 12
2014 03 02 19 16
2014 03 02 22 10
2014 03 03 03 50
2014 03 03 08 37
2014 03 03 15 13
2014 03 04 05 07
2014 03 04 10 36
2014 03 04 16 37
2014 03 04 18 23
2014 03 05 00 03
2014 03 05 00 12
2014 03 05 05 44
2014 03 05 13 47
2014 03 05 22 33
2014 03 06 05 25
2014 03 06 05 39
2014 03 06 06 01
2014 03 06 06 26
2014 03 06 19 51
2014 03 07 15 40
2014 03 08 05 24
2014 03 08 22 39
2014 03 09 01 06
2014 03 09 22 09
2014 03 09 23 00
2014 03 11 04 45
2014 03 11 14 01
2014 03 11 15 55
2014 03 11 18 37
2014 03 11 18 41
2014 03 11 23 27
2014 03 12 15 32
2014 03 12 18 05
2014 03 12 19 45
2014 03 13 05 59
2014 03 13 10 41
2014 03 13 21 11
2014 03 14 02 29
2014 03 14 18 20
2014 03 14 18 28
2014 03 14 20 29
2014 03 14 22 50
2014 03 15 10 52
2014 03 15 11 36
2014 03 16 03 22
2014 03 16 12 48
2014 03 16 20 57
2014 03 16 21 37
2014 03 17 06 00
2014 03 17 14 58
2014 03 17 18 39
2014 03 18 02 46
2014 03 19 16 01
2014 03 19 18 23
2014 03 19 19 06
2014 03 20 02 37
2014 03 21 03 48
2014 03 21 07 15
2014 03 21 11 26
2014 03 22 01 40
2014 03 22 09 52
2014 03 22 19 54
2014 03 22 22 09
2014 03 23 02 18
2014 03 23 04 55
2014 03 23 05 48
2014 03 23 09 45
2014 03 23 09 49
2014 03 23 13 12
2014 03 23 15 50
2014 03 24 01 12
2014 03 24 01 56
2014 03 24 18 00
2014 03 24 22 55
2014 03 25 01 17
2014 03 25 13 39
2014 03 25 16 39
2014 03 25 18 44
2014 03 26 09 21
2014 03 26 14 04
2014 03 26 22 34
2014 03 27 15 54
2014 03 27 18 08
2014 03 27 21 51
2014 03 28 09 37
2014 03 28 16 44
2014 03 28 19 11
2014 04 01 17 04
2014 04 01 18 55
2014 04 02 00 01
2014 04 02 00 24
2014 04 02 03 24
2014 04 02 10 34
2014 04 02 17 19
2014 04 03 01 28
2014 04 03 08 31
2014 04 03 18 24
2014 04 03 18 52
2014 04 04 04 18
2014 04 04 13 34
2014 04 04 21 34
2014 04 04 23 36
2014 04 05 03 30
2014 04 05 06 32
2014 04 05 18 22
2014 04 05 21 27
2014 04 06 09 11
2014 04 06 11 36
2014 04 07 01 31
2014 04 07 02 55
2014 04 07 03 22
2014 04 07 04 57
2014 04 07 08 48
2014 04 07 17 09
2014 04 07 21 13
2014 04 07 23 46
2014 04 08 12 52
2014 04 08 13 26
2014 04 08 17 14
2014 04 09 11 48
2014 04 09 12 32
2014 04 09 18 21
2014 04 09 19 24
2014 04 09 22 59
2014 04 10 00 48
2014 04 10 07 27
2014 04 10 13 08
2014 04 11 06 19
2014 04 11 19 55
2014 04 11 21 56
2014 04 12 00 14
2014 04 12 02 49
2014 04 12 04 10
2014 04 12 05 36
2014 04 12 06 55
2014 04 12 16 38
2014 04 12 18 09
2014 04 13 06 47
2014 04 13 11 58
2014 04 13 14 39
2014 04 13 20 19
2014 04 14 09 13
2014 04 14 12 55
2014 04 15 00 53
2014 04 15 03 53
2014 04 15 22 36
2014 04 16 06 09
2014 04 16 07 39
2014 04 16 11 53
2014 04 16 12 40
2014 04 16 16 55
2014 04 17 04 55
2014 04 17 06 03
2014 04 17 17 24
2014 04 17 19 08
2014 04 18 02 34
2014 04 18 12 39
2014 04 19 17 03
2014 04 19 20 01
2014 04 20 02 51
2014 04 20 04 47
2014 04 20 08 02
2014 04 20 20 20
2014 04 21 06 13
2014 04 21 12 28
2014 04 22 03 11
2014 04 22 06 06
2014 04 23 08 18
2014 04 23 08 23
2014 04 23 14 07
2014 04 24 04 17
2014 04 25 13 08
2014 04 25 14 46
2014 04 26 05 20
2014 04 26 20 53
2014 04 27 04 58
2014 04 27 08 08
2014 04 27 20 09
2014 04 28 20 01
2014 05 03 03 07
2014 05 03 11 47
2014 05 04 04 30
2014 05 04 09 53
2014 05 04 13 03
2014 05 04 13 52
2014 05 04 22 08
2014 05 05 02 19
2014 05 05 03 03
2014 05 05 06 43
2014 05 05 21 15
2014 05 06 05 23
2014 05 06 10 33
2014 05 06 16 34
2014 05 06 16 37
2014 05 06 20 24
2014 05 07 04 05
2014 05 07 05 46
2014 05 07 06 35
2014 05 08 21 43
2014 05 08 22 49
2014 05 09 07 07
2014 05 09 10 54
2014 05 09 15 39
2014 05 10 00 03
2014 05 10 05 04
2014 05 10 05 26
2014 05 10 11 31
2014 05 11 04 56
2014 05 11 16 20
2014 05 11 19 56
2014 05 12 07 18
2014 05 12 09 53
2014 05 12 15 55
2014 05 12 23 24
2014 05 13 00 22
2014 05 13 01 07
2014 05 13 01 19
2014 05 13 11 32
2014 05 13 17 12
2014 05 14 08 34
2014 05 14 16 20
2014 05 14 19 55
2014 05 15 07 55
2014 05 15 08 55
2014 05 15 11 35
2014 05 16 00 38
2014 05 16 00 44
2014 05 16 16 27
2014 05 17 06 48
2014 05 17 08 59
2014 05 17 11 10
2014 05 17 19 36
2014 05 17 19 50
2014 05 17 20 31
2014 05 17 23 11
2014 05 18 02 50
2014 05 18 07 58
2014 05 18 21 23
2014 05 19 09 16
2014 05 19 11 24
2014 05 19 15 22
2014 05 19 17 12
2014 05 19 23 22
2014 05 20 03 10
2014 05 20 09 32
2014 05 20 17 33
2014 05 21 19 23
2014 05 21 20 54
2014 05 22 05 04
2014 05 22 11 02
2014 05 22 19 16
2014 05 23 01 41
2014 05 23 11 57
2014 05 23 18 51
2014 05 23 19 23
2014 05 23 19 49
2014 05 23 21 20
2014 05 23 21 25
2014 05 23 21 55
2014 05 23 23 39
2014 05 24 05 43
2014 05 24 15 14
2014 05 24 21 36
2014 05 25 06 19
2014 05 25 09 46
2014 05 25 16 45
2014 05 26 02 28
2014 05 26 07 53
2014 05 26 23 28
2014 05 27 05 37
2014 05 27 06 18
2014 05 27 08 21
2014 05 27 10 00
2014 05 27 12 01
2014 05 27 13 39
2014 05 27 21 30
2014 05 28 04 32
2014 06 01 00 39
2014 06 01 08 16
2014 06 01 16 21
2014 06 01 21 33
2014 06 02 04 45
2014 06 02 16 16
2014 06 02 23 16
2014 06 03 09 12
2014 06 03 09 20
2014 06 03 17 22
2014 06 04 07 11
2014 06 04 08 54
2014 06 04 16 14
2014 06 04 22 49
2014 06 05 11 39
2014 06 05 13 30
2014 06 05 15 02
2014 06 05 16 26
2014 06 05 19 50
2014 06 05 22 19
2014 06 06 22 40
2014 06 07 06 50
2014 06 07 12 34
2014 06 07 12 35
2014 06 07 19 18
2014 06 08 00 39
2014 06 08 00 49
2014 06 08 10 45
2014 06 08 17 58
2014 06 08 20 03
2014 06 08 21 09
2014 06 09 06 06
2014 06 09 09 34
2014 06 09 11 31
2014 06 09 11 50
2014 06 09 18 29
2014 06 09 22 51
2014 06 09 23 26
2014 06 10 05 33
2014 06 11 07 28
2014 06 11 09 17
2014 06 11 10 13
2014 06 11 22 01
2014 06 12 04 17
2014 06 12 04 24
2014 06 13 18 33
2014 06 13 22 19
2014 06 15 00 31
2014 06 15 10 33
2014 06 15 21 12
2014 06 16 12 27
2014 06 17 03 43
2014 06 17 05 40
2014 06 17 10 29
2014 06 18 04 02
2014 06 18 08 43
2014 06 19 05 17
2014 06 19 08 45
2014 06 19 17 21
2014 06 19 19 05
2014 06 19 19 26
2014 06 19 22 46
2014 06 20 10 01
2014 06 20 12 22
2014 06 20 21 12
2014 06 20 23 39
2014 06 21 07 12
2014 06 22 01 48
2014 06 22 04 52
2014 06 22 08 56
2014 06 22 13 19
2014 06 23 01 07
2014 06 23 01 29
2014 06 23 08 03
2014 06 23 19 31
2014 06 24 01 06
2014 06 24 14 07
2014 06 25 02 15
2014 06 25 10 11
2014 06 25 11 40
2014 06 25 12 22
2014 06 25 22 30
2014 06 26 15 47
2014 06 26 19 39
2014 06 26 20 34
2014 06 27 02 53
2014 06 27 21 42
2014 06 27 22 27
2014 06 28 02 21
2014 06 28 20 10
2014 07 01 03 04
2014 07 01 15 04
2014 07 02 01 45
2014 07 02 03 25
2014 07 02 09 31
2014 07 02 09 42
2014 07 02 16 42
2014 07 02 22 48
2014 07 02 23 01
2014 07 03 03 29
2014 07 03 11 00
2014 07 03 13 07
2014 07 03 15 43
2014 07 03 20 51
2014 07 04 10 17
2014 07 04 10 55
2014 07 04 13 20
2014 07 07 16 46
2014 07 08 14 45
2014 07 08 18 30
2014 07 08 20 29
2014 07 09 11 10
2014 07 09 12 36
2014 07 09 15 48
2014 07 10 12 52
2014 07 10 23 09
2014 07 11 00 24
2014 07 11 16 11
2014 07 11 18 53
2014 07 12 01 05
2014 07 12 02 16
2014 07 12 03 25
2014 07 12 07 16
2014 07 12 12 40
2014 07 13 09 08
2014 07 13 20 56
2014 07 13 22 42
2014 07 14 10 36
2014 07 14 10 38
2014 07 15 03 45
2014 07 15 13 45
2014 07 15 15 42
2014 07 15 17 27
2014 07 16 03 31
2014 07 17 08 05
2014 07 17 20 46
2014 07 18 04 54
2014 07 18 06 40
2014 07 18 21 51
2014 07 19 12 11
2014 07 19 12 29
2014 07 19 19 52
2014 07 19 23 28
2014 07 20 00 10
2014 07 20 14 40
2014 07 20 16 55
2014 07 21 03 47
2014 07 21 17 53
2014 07 22 09 25
2014 07 22 11 17
2014 07 22 17 41
2014 07 22 19 39
2014 07 23 06 32
2014 07 23 08 12
2014 07 23 09 09
2014 07 23 14 01
2014 07 23 16 40
2014 07 23 18 00
2014 07 24 17 09
2014 07 24 18 45
2014 07 25 00 19
2014 07 25 01 47
2014 07 25 07 29
2014 07 25 17 28
2014 07 26 02 34
2014 07 26 15 42
2014 07 26 18 38
2014 07 27 09 17
2014 07 27 10 07
2014 07 27 14 52
2014 07 28 11 14
2014 07 28 12 14
2014 07 28 12 59
2014 07 28 15 23
2014 08 01 06 08
2014 08 01 18 42
2014 08 02 03 49
2014 08 02 08 24
2014 08 02 11 19
2014 08 02 13 40
2014 08 02 17 17
2014 08 02 17 42
2014 08 02 20 39
2014 08 03 07 10
2014 08 03 10 06
2014 08 03 10 57
2014 08 03 17 43
2014 08 03 17 54
2014 08 03 20 02
2014 08 03 21 02
2014 08 04 13 18
2014 08 04 13 19
2014 08 05 01 03
2014 08 05 12 45
2014 08 05 23 28
2014 08 06 22 02
2014 08 06 23 50
2014 08 07 02 04
2014 08 07 04 59
2014 08 07 06 27
2014 08 07 07 38
2014 08 07 13 58
2014 08 09 07 55
2014 08 09 23 42
2014 08 10 13 28
2014 08 10 14 09
2014 08 10 17 49
2014 08 10 23 45
2014 08 11 12 59
2014 08 12 22 59
2014 08 13 01 31
2014 08 13 01 56
2014 08 13 07 27
2014 08 13 15 34
2014 08 13 21 44
2014 08 13 23 31
2014 08 14 09 20
2014 08 14 10 12
2014 08 14 20 36
2014 08 15 03 20
2014 08 15 10 42
2014 08 15 12 39
2014 08 15 15 08
2014 08 15 22 17
2014 08 16 12 41
2014 08 16 12 41
2014 08 16 14 22
2014 08 16 22 10
2014 08 17 01 58
2014 08 17 11 01
2014 08 17 12 30
2014 08 17 19 56
2014 08 18 03 02
2014 08 18 03 10
2014 08 18 07 26
2014 08 18 09 05
2014 08 18 13 50
2014 08 18 15 23
2014 08 19 17 13
2014 08 20 04 20
2014 08 20 20 06
2014 08 20 20 22
2014 08 21 16 08
2014 08 21 22 43
2014 08 22 04 48
2014 08 22 08 33
2014 08 22 11 22
2014 08 23 03 38
2014 08 23 05 54
2014 08 23 08 55
2014 08 23 09 01
2014 08 24 02 36
2014 08 24 18 39
2014 08 24 22 00
2014 08 25 07 54
2014 08 25 09 24
2014 08 25 13 28
2014 08 25 20 06
2014 08 25 22 16
2014 08 26 13 03
2014 08 27 13 29
2014 08 28 04 13
2014 08 28 04 23
2014 08 28 07 28
2014 08 28 09 56
2014 08 28 13 40
2014 08 28 23 16
2014 09 01 04 24
2014 09 01 04 38
2014 09 01 17 04
2014 09 01 20 01
2014 09 02 00 39
2014 09 02 23 32
2014 09 03 02 35
2014 09 03 06 49
2014 09 04 02 56
2014 09 04 04 04
2014 09 04 09 00
2014 09 04 09 13
2014 09 05 05 37
2014 09 05 08 16
2014 09 05 10 49
2014 09 05 11 37
2014 09 05 15 26
2014 09 06 06 05
2014 09 06 20 50
2014 09 08 16 51
2014 09 08 23 37
2014 09 09 05 56
2014 09 09 10 28
2014 09 09 11 04
2014 09 09 19 37
2014 09 09 21 25
2014 09 10 12 46
2014 09 11 03 30
2014 09 11 06 31
2014 09 11 16 21
2014 09 12 11 40
2014 09 12 20 08
2014 09 13 04 16
2014 09 13 23 47
2014 09 14 00 18
2014 09 14 00 45
2014 09 14 11 14
2014 09 14 22 05
2014 09 14 22 42
2014 09 15 03 04
2014 09 16 12 28
2014 09 16 14 57
2014 09 16 22 59
2014 09 17 00 58
2014 09 17 03 25
2014 09 17 03 41
2014 09 17 05 19
2014 09 17 18 06
2014 09 18 02 17
2014 09 18 11 22
2014 09 18 18 45
2014 09 19 01 22
2014 09 19 06 45
2014 09 19 09 44
2014 09 19 11 55
2014 09 19 13 20
2014 09 19 17 23
2014 09 19 23 45
2014 09 20 09 34
2014 09 20 09 43
2014 09 20 19 59
2014 09 22 00 49
2014 09 22 08 52
2014 09 22 15 40
2014 09 22 16 25
2014 09 23 03 56
2014 09 23 04 59
2014 09 23 07 58
2014 09 23 14 24
2014 09 24 03 31
2014 09 24 12 16
2014 09 25 00 19
2014 09 25 01 44
2014 09 25 12 33
2014 09 25 20 45
2014 09 25 22 25
2014 09 26 12 00
2014 09 26 19 58
2014 09 27 09 46
2014 09 27 17 31
2014 09 27 18 03
2014 09 27 20 40
2014 09 28 13 30
2014 10 01 06 32
2014 10 02 03 50
2014 10 02 05 45
2014 10 02 12 57
2014 10 03 03 21
2014 10 03 03 31
2014 10 03 12 21
2014 10 03 13 23
2014 10 03 21 58
2014 10 03 23 15
2014 10 05 03 06
2014 10 05 11 30
2014 10 05 17 30
2014 10 06 10 07
2014 10 06 15 38
2014 10 06 18 09
2014 10 07 13 47
2014 10 07 22 56
2014 10 08 00 09
2014 10 08 04 40
2014 10 08 10 54
2014 10 09 00 04
2014 10 09 02 28
2014 10 09 06 27
2014 10 09 07 26
2014 10 09 16 58
2014 10 09 18 02
2014 10 10 15 18
2014 10 10 17 24
2014 10 11 08 03
2014 10 11 13 22
2014 10 11 18 35
2014 10 11 21 18
2014 10 12 17 44
2014 10 12 18 09
2014 10 12 21 52
2014 10 14 15 55
2014 10 14 20 23
2014 10 14 21 47
2014 10 15 08 27
2014 10 16 20 09
2014 10 16 20 51
2014 10 16 21 51
2014 10 16 23 48
2014 10 17 21 36
2014 10 17 22 22
2014 10 18 00 54
2014 10 18 02 10
2014 10 18 16 51
2014 10 18 20 14
2014 10 18 23 25
2014 10 19 09 25
2014 10 19 23 32
2014 10 20 10 25
2014 10 22 21 38
2014 10 23 06 28
2014 10 23 07 09
2014 10 24 12 53
2014 10 24 13 45
2014 10 24 14 52
2014 10 25 00 52
2014 10 25 06 29
2014 10 25 18 12
2014 10 25 23 13
2014 10 26 08 24
2014 10 26 10 15
2014 10 26 16 19
2014 10 26 20 08
2014 10 26 22 50
2014 10 27 15 19
2014 10 28 09 51
2014 10 28 13 00
2014 10 28 16 50
2014 10 28 18 26
2014 10 28 19 16
2014 11 01 16 19
2014 11 01 18 16
2014 11 02 08 38
2014 11 02 11 14
2014 11 02 18 41
2014 11 03 01 08
2014 11 03 01 45
2014 11 03 04 14
2014 11 03 09 47
2014 11 03 13 14
2014 11 03 19 10
2014 11 04 02 32
2014 11 04 03 56
2014 11 04 08 47
2014 11 04 15 45
2014 11 04 16 21
2014 11 04 22 07
2014 11 04 22 20
2014 11 04 23 53
2014 11 05 03 59
2014 11 05 18 25
2014 11 05 20 49
2014 11 06 02 18
2014 11 06 06 28
2014 11 06 15 49
2014 11 06 17 04
2014 11 06 22 45
2014 11 07 06 12
2014 11 08 13 12
2014 11 08 14 15
2014 11 09 10 18
2014 11 10 05 46
2014 11 11 00 20
2014 11 11 03 04
2014 11 11 15 55
2014 11 11 17 25
2014 11 12 01 46
2014 11 12 03 42
2014 11 12 17 27
2014 11 13 03 02
2014 11 13 09 43
2014 11 13 12 19
2014 11 14 02 33
2014 11 14 09 52
2014 11 14 11 17
2014 11 14 15 33
2014 11 14 16 31
2014 11 15 11 46
2014 11 15 18 54
2014 11 15 22 14
2014 11 15 23 09
2014 11 16 10 22
2014 11 16 10 35
2014 11 16 16 44
2014 11 16 17 23
2014 11 16 18 39
2014 11 17 06 41
2014 11 17 12 41
2014 11 17 18 50
2014 11 18 22 39
2014 11 19 05 03
2014 11 19 07 01
2014 11 20 14 24
2014 11 21 00 15
2014 11 21 05 27
2014 11 21 08 44
2014 11 21 11 04
2014 11 21 20 14
2014 11 22 08 50
2014 11 22 22 22
2014 11 23 02 52
2014 11 23 06 38
2014 11 23 20 59
2014 11 24 06 12
2014 11 24 10 17
2014 11 24 20 03
2014 11 25 00 50
2014 11 25 06 19
2014 11 25 09 46
2014 11 25 13 01
2014 11 25 17 07
2014 11 25 20 51
2014 11 26 05 10
2014 11 26 06 59
2014 11 28 07 53
2014 11 28 09 02
2014 11 28 20 34
2014 11 28 20 46
2014 12 01 06 55
2014 12 01 21 42
2014 12 01 22 31
2014 12 02 08 13
2014 12 02 17 35
2014 12 03 00 39
2014 12 03 23 10
2014 12 04 02 27
2014 12 04 10 34
2014 12 04 19 31
2014 12 05 00 34
2014 12 05 00 39
2014 12 05 01 15
2014 12 05 06 07
2014 12 05 06 54
2014 12 05 13 44
2014 12 06 10 26
2014 12 06 12 55
2014 12 06 19 07
2014 12 07 04 09
2014 12 07 19 11
2014 12 08 15 44
2014 12 08 23 05
2014 12 09 02 59
2014 12 10 07 00
2014 12 10 10 16
2014 12 10 10 35
2014 12 11 07 48
2014 12 11 09 36
2014 12 11 14 43
2014 12 11 14 57
2014 12 12 06 02
2014 12 13 04 55
2014 12 13 06 09
2014 12 14 02 38
2014 12 14 14 10
2014 12 14 16 04
2014 12 14 20 03
2014 12 15 10 38
2014 12 15 21 21
2014 12 16 01 09
2014 12 16 02 41
2014 12 16 04 10
2014 12 16 07 03
2014 12 16 13 04
2014 12 16 13 44
2014 12 16 16 47
2014 12 16 17 12
2014 12 17 00 05
2014 12 17 00 43
2014 12 17 07 18
2014 12 17 10 44
2014 12 18 18 41
2014 12 19 03 52
2014 12 19 15 39
2014 12 19 22 24
2014 12 20 04 20
2014 12 20 05 31
2014 12 20 16 43
2014 12 20 21 06
2014 12 21 02 47
2014 12 21 08 34
2014 12 21 12 01
2014 12 21 17 48
2014 12 21 19 28
2014 12 22 01 11
2014 12 22 07 06
2014 12 23 00 24
2014 12 23 13 09
2014 12 23 14 41
2014 12 23 14 48
2014 12 24 16 08
2014 12 24 22 02
2014 12 25 18 42
2014 12 26 05 20
2014 12 27 04 34
2014 12 27 05 17
2014 12 27 11 37
2014 12 27 15 48
2014 12 28 04 09
2014 12 28 09 30
2015 01 01 07 36
2015 01 01 23 38
2015 01 02 11 49
2015 01 03 06 52
2015 01 03 15 43
2015 01 03 16 21
2015 01 03 16 35
2015 01 03 22 21
2015 01 04 12 37
2015 01 04 22 11
2015 01 05 08 57
2015 01 05 13 28
2015 01 05 18 34
2015 01 05 19 09
2015 01 06 01 23
2015 01 06 19 48
2015 01 06 21 52
2015 01 07 01 27
2015 01 07 02 43
2015 01 07 08 15
2015 01 07 09 03
2015 01 07 15 56
2015 01 07 23 41
2015 01 08 00 03
2015 01 09 03 19
2015 01 09 19 50
2015 01 09 20 49
2015 01 10 03 44
2015 01 10 04 40
2015 01 10 06 19
2015 01 10 14 56
2015 01 10 21 25
2015 01 11 06 12
2015 01 12 05 07
2015 01 12 05 47
2015 01 12 18 33
2015 01 12 21 58
2015 01 12 23 41
2015 01 13 15 28
2015 01 14 01 27
2015 01 14 10 32
2015 01 14 13 04
2015 01 14 14 49
2015 01 15 00 19
2015 01 15 06 14
2015 01 15 10 16
2015 01 15 13 04
2015 01 16 04 41
2015 01 16 11 00
2015 01 16 12 25
2015 01 17 01 54
2015 01 17 02 11
2015 01 17 11 56
2015 01 17 19 31
2015 01 17 23 11
2015 01 18 00 08
2015 01 18 04 26
2015 01 18 07 42
2015 01 18 18 24
2015 01 18 19 56
2015 01 19 02 58
2015 01 19 04 00
2015 01 19 19 37
2015 01 21 08 02
2015 01 23 02 55
2015 01 23 13 52
2015 01 23 18 34
2015 01 23 18 35
2015 01 23 18 52
2015 01 24 02 27
2015 01 24 03 28
2015 01 24 07 09
2015 01 24 13 13
2015 01 24 23 32
2015 01 25 09 57
2015 01 25 16 50
2015 01 26 03 14
2015 01 26 08 42
2015 01 27 09 13
2015 01 28 08 14
2015 01 28 12 36
2015 01 28 20 55
2015 02 01 01 39
2015 02 01 06 35
2015 02 02 04 02
2015 02 02 09 40
2015 02 02 23 29
2015 02 03 03 29
2015 02 03 23 32
2015 02 04 05 24
2015 02 04 14 26
2015 02 05 23 35
2015 02 06 15 20
2015 02 06 19 02
2015 02 07 12 17
2015 02 07 12 17
2015 02 07 15 18
2015 02 07 20 31
2015 02 08 01 19
2015 02 08 02 27
2015 02 08 03 01
2015 02 08 23 07
2015 02 09 02 10
2015 02 09 12 46
2015 02 10 08 41
2015 02 10 16 59
2015 02 10 19 03
2015 02 11 10 27
2015 02 11 11 36
2015 02 11 15 18
2015 02 12 05 03
2015 02 12 08 31
2015 02 12 15 33
2015 02 12 16 55
2015 02 12 20 13
2015 02 13 00 43
2015 02 13 07 58
2015 02 13 14 11
2015 02 13 14 45
2015 02 13 23 28
2015 02 14 03 17
2015 02 14 08 32
2015 02 14 11 35
2015 02 15 04 38
2015 02 15 21 54
2015 02 15 23 26
2015 02 16 08 00
2015 02 16 10 36
2015 02 16 10 41
2015 02 16 11 23
2015 02 16 17 49
2015 02 16 19 09
2015 02 17 08 16
2015 02 17 09 23
2015 02 17 11 08
2015 02 17 13 50
2015 02 17 15 04
2015 02 18 07 52
2015 02 18 10 46
2015 02 19 02 07
2015 02 19 02 20
2015 02 19 06 30
2015 02 19 11 33
2015 02 19 14 29
2015 02 19 14 30
2015 02 19 19 17
2015 02 20 01 36
2015 02 20 12 48
2015 02 20 17 22
2015 02 21 15 19
2015 02 21 17 31
2015 02 21 20 09
2015 02 22 16 14
2015 02 22 16 26
2015 02 23 06 20
2015 02 24 18 07
2015 02 25 04 00
2015 02 25 04 37
2015 02 25 16 56
2015 02 25 20 21
2015 02 25 21 50
2015 02 26 15 34
2015 02 26 18 19
2015 02 26 19 01
2015 02 26 19 46
2015 02 27 11 04
2015 02 27 15 46
2015 02 27 16 18
2015 02 27 17 27
2015 02 27 19 06
2015 02 27 23 59
2015 02 28 17 34
2015 02 28 21 44
2015 03 02 05 41
2015 03 02 07 44
2015 03 02 13 25
2015 03 03 10 42
2015 03 03 21 00
2015 03 04 18 34
2015 03 05 02 51
2015 03 05 03 40
2015 03 05 14 43
2015 03 05 18 41
2015 03 06 00 40
2015 03 06 03 41
2015 03 06 05 51
2015 03 06 08 00
2015 03 06 14 39
2015 03 07 07 17
2015 03 07 07 38
2015 03 07 19 51
2015 03 07 23 27
2015 03 08 00 33
2015 03 08 05 30
2015 03 08 06 29
2015 03 08 08 27
2015 03 08 09 47
2015 03 09 20 14
2015 03 10 00 08
2015 03 10 17 57
2015 03 10 22 35
2015 03 11 12 44
2015 03 11 20 48
2015 03 12 05 22
2015 03 12 15 29
2015 03 13 17 44
2015 03 14 06 39
2015 03 14 23 29
2015 03 15 21 03
2015 03 16 10 19
2015 03 17 08 15
2015 03 17 12 36
2015 03 17 13 53
2015 03 17 14 30
2015 03 18 14 58
2015 03 18 19 28
2015 03 18 20 30
2015 03 18 22 26
2015 03 19 02 07
2015 03 19 05 57
2015 03 19 08 32
2015 03 19 13 38
2015 03 19 17 15
2015 03 20 00 26
2015 03 20 01 24
2015 03 20 08 54
2015 03 20 18 38
2015 03 20 22 55
2015 03 21 04 13
2015 03 21 10 57
2015 03 21 11 20
2015 03 23 07 49
2015 03 23 18 51
2015 03 25 09 37
2015 03 25 21 03
2015 03 26 17 26
2015 03 27 09 44
2015 03 27 15 01
2015 03 27 17 40
2015 03 27 18 48
2015 03 28 00 28
2015 04 01 20 05
2015 04 01 20 49
2015 04 02 16 22
2015 04 03 05 30
2015 04 03 19 17
2015 04 03 22 02
2015 04 04 09 12
2015 04 04 11 01
2015 04 04 11 05
2015 04 04 11 52
2015 04 04 22 00
2015 04 05 00 41
2015 04 05 15 25
2015 04 05 18 52
2015 04 05 21 23
2015 04 05 23 43
2015 04 06 06 24
2015 04 06 08 39
2015 04 06 19 08
2015 04 06 21 18
2015 04 06 22 31
2015 04 08 01 25
2015 04 08 04 24
2015 04 08 15 00
2015 04 08 18 30
2015 04 08 20 04
2015 04 09 00 27
2015 04 09 06 49
2015 04 09 09 02
2015 04 09 10 35
2015 04 09 21 12
2015 04 10 04 48
2015 04 10 18 02
2015 04 10 20 09
2015 04 10 22 52
2015 04 11 00 45
2015 04 11 01 35
2015 04 11 04 25
2015 04 11 14 36
2015 04 11 19 52
2015 04 11 21 20
2015 04 12 03 08
2015 04 12 15 15
2015 04 12 22 13
2015 04 14 06 56
2015 04 14 19 47
2015 04 14 23 20
2015 04 15 02 37
2015 04 15 13 26
2015 04 15 19 42
2015 04 15 19 57
2015 04 15 22 53
2015 04 16 14 04
2015 04 16 19 59
2015 04 17 00 20
2015 04 17 13 07
2015 04 17 22 01
2015 04 18 19 11
2015 04 18 21 52
2015 04 19 03 34
2015 04 19 07 16
2015 04 19 09 25
2015 04 19 09 42
2015 04 19 13 14
2015 04 20 01 09
2015 04 21 16 31
2015 04 21 22 46
2015 04 22 04 51
2015 04 23 16 20
2015 04 24 14 56
2015 04 25 00 34
2015 04 25 00 47
2015 04 25 14 12
2015 04 25 15 41
2015 04 25 17 24
2015 04 26 06 16
2015 04 26 21 20
2015 04 28 21 47
2015 05 01 05 37
2015 05 01 07 35
2015 05 01 16 45
2015 05 01 19 20
2015 05 02 07 50
2015 05 02 11 12
2015 05 03 05 31
2015 05 03 09 15
2015 05 03 10 55
2015 05 03 13 42
2015 05 03 14 05
2015 05 03 14 26
2015 05 04 02 37
2015 05 04 06 48
2015 05 04 07 40
2015 05 04 12 08
2015 05 05 10 01
2015 05 05 19 04
2015 05 06 13 35
2015 05 06 14 15
2015 05 07 03 34
2015 05 07 14 30
2015 05 08 04 02
2015 05 08 06 49
2015 05 08 09 15
2015 05 08 12 56
2015 05 08 17 00
2015 05 09 02 07
2015 05 09 23 42
2015 05 10 02 46
2015 05 10 07 37
2015 05 10 08 53
2015 05 10 11 49
2015 05 10 13 59
2015 05 10 20 31
2015 05 11 04 25
2015 05 11 15 50
2015 05 12 01 48
2015 05 12 07 07
2015 05 12 13 40
2015 05 12 13 41
2015 05 12 18 28
2015 05 12 20 58
2015 05 13 15 36
2015 05 15 01 39
2015 05 15 02 53
2015 05 15 17 15
2015 05 15 20 22
2015 05 16 02 55
2015 05 16 16 29
2015 05 16 20 56
2015 05 17 16 00
2015 05 17 21 24
2015 05 18 00 58
2015 05 18 09 18
2015 05 19 00 46
2015 05 19 03 43
2015 05 19 03 44
2015 05 19 06 15
2015 05 19 12 28
2015 05 19 16 24
2015 05 19 18 24
2015 05 19 23 20
2015 05 20 06 53
2015 05 20 08 28
2015 05 21 08 29
2015 05 21 10 02
2015 05 21 14 30
2015 05 22 14 56
2015 05 23 01 03
2015 05 24 00 41
2015 05 24 00 56
2015 05 24 01 21
2015 05 24 03 44
2015 05 24 07 11
2015 05 24 14 53
2015 05 25 03 16
2015 05 25 03 20
2015 05 25 06 41
2015 05 26 07 37
2015 05 26 23 09
2015 05 27 01 15
2015 05 27 07 28
2015 05 27 07 44
2015 05 27 09 01
2015 05 27 09 11
2015 05 27 10 06
2015 05 27 16 07
2015 05 27 23 14
2015 05 28 03 14
2015 05 28 11 03
2015 06 01 06 02
2015 06 01 06 20
2015 06 01 13 27
2015 06 01 20 25
2015 06 01 21 12
2015 06 02 22 47
2015 06 03 12 50
2015 06 03 17 09
2015 06 03 17 13
2015 06 03 17 56
2015 06 03 23 20
2015 06 05 12 13
2015 06 06 00 31
2015 06 06 12 26
2015 06 06 14 40
2015 06 06 20 33
2015 06 07 11 24
2015 06 07 18 17
2015 06 08 13 02
2015 06 08 14 40
2015 06 08 20 18
2015 06 08 23 33
2015 06 09 09 10
2015 06 09 15 27
2015 06 09 19 30
2015 06 09 21 41
2015 06 10 02 19
2015 06 10 16 14
2015 06 10 17 37
2015 06 11 02 06
2015 06 12 02 48
2015 06 12 07 27
2015 06 12 09 10
2015 06 12 14 06
2015 06 12 14 17
2015 06 13 17 04
2015 06 14 00 48
2015 06 14 17 37
2015 06 14 22 29
2015 06 15 04 10
2015 06 15 04 44
2015 06 15 10 15
2015 06 16 03 44
2015 06 16 05 03
2015 06 16 07 57
2015 06 16 08 31
2015 06 17 00 02
2015 06 17 13 51
2015 06 18 13 05
2015 06 18 14 18
2015 06 20 02 19
2015 06 20 03 50
2015 06 20 05 43
2015 06 20 06 49
2015 06 20 10 30
2015 06 21 06 21
2015 06 21 13 43
2015 06 22 12 09
2015 06 22 21 39
2015 06 23 04 49
2015 06 23 11 10
2015 06 23 23 59
2015 06 24 08 04
2015 06 24 09 56
2015 06 25 00 50
2015 06 25 18 49
2015 06 25 22 45
2015 06 26 05 19
2015 06 26 09 55
2015 06 26 13 22
2015 06 27 12 38
2015 06 27 14 27
2015 06 27 23 24
2015 06 28 00 12
2015 06 28 07 15
2015 06 28 12 20
2015 06 28 18 11
2015 06 28 21 23
2015 07 01 04 26
2015 07 01 05 01
2015 07 01 07 40
2015 07 01 12 48
2015 07 01 20 26
2015 07 02 22 59
2015 07 03 02 45
2015 07 03 03 11
2015 07 04 09 37
2015 07 04 11 09
2015 07 04 14 22
2015 07 04 21 56
2015 07 05 00 10
2015 07 05 01 09
2015 07 05 15 08
2015 07 06 19 18
2015 07 07 17 24
2015 07 07 17 31
2015 07 08 04 53
2015 07 09 04 41
2015 07 09 09 08
2015 07 09 19 13
2015 07 09 22 24
2015 07 10 09 30
2015 07 10 20 36
2015 07 10 22 50
2015 07 11 11 21
2015 07 11 16 20
2015 07 11 22 04
2015 07 11 22 42
2015 07 11 23 18
2015 07 12 01 20
2015 07 12 02 48
2015 07 12 09 14
2015 07 13 00 30
2015 07 13 09 01
2015 07 13 12 35
2015 07 13 13 48
2015 07 14 03 12
2015 07 14 06 38
2015 07 14 07 16
2015 07 14 16 39
2015 07 14 20 28
2015 07 15 01 33
2015 07 15 13 40
2015 07 15 17 18
2015 07 15 22 16
2015 07 16 23 01
2015 07 17 07 21
2015 07 17 08 00
2015 07 17 20 49
2015 07 18 02 27
2015 07 18 06 18
2015 07 18 15 32
2015 07 20 09 24
2015 07 20 12 24
2015 07 20 14 33
2015 07 21 20 14
2015 07 22 03 45
2015 07 23 02 04
2015 07 24 06 32
2015 07 24 06 53
2015 07 24 14 50
2015 07 25 01 58
2015 07 25 12 22
2015 07 25 17 17
2015 07 25 20 34
2015 07 26 08 55
2015 07 26 18 55
2015 07 27 10 05
2015 07 27 10 18
2015 07 27 19 45
2015 07 27 21 10
2015 07 28 12 46
2015 08 01 00 16
2015 08 01 21 31
2015 08 02 01 28
2015 08 02 02 50
2015 08 03 03 36
2015 08 03 09 49
2015 08 04 11 03
2015 08 04 14 38
2015 08 04 15 14
2015 08 04 23 44
2015 08 05 09 27
2015 08 05 09 47
2015 08 05 16 11
2015 08 06 01 36
2015 08 06 08 36
2015 08 06 14 40
2015 08 07 03 08
2015 08 07 03 49
2015 08 07 09 20
2015 08 07 17 40
2015 08 08 20 28
2015 08 09 03 40
2015 08 09 14 29
2015 08 09 20 03
2015 08 09 20 49
2015 08 09 21 41
2015 08 11 10 09
2015 08 12 07 09
2015 08 12 07 48
2015 08 12 10 26
2015 08 12 23 38
2015 08 14 02 28
2015 08 14 04 26
2015 08 15 03 22
2015 08 15 12 24
2015 08 15 12 37
2015 08 16 04 36
2015 08 16 17 01
2015 08 16 18 14
2015 08 17 07 32
2015 08 17 09 43
2015 08 17 19 45
2015 08 18 00 10
2015 08 18 05 32
2015 08 18 17 07
2015 08 19 01 30
2015 08 19 11 40
2015 08 19 20 00
2015 08 19 20 00
2015 08 19 23 44
2015 08 20 03 49
2015 08 20 11 50
2015 08 21 07 12
2015 08 21 09 36
2015 08 21 11 47
2015 08 21 21 03
2015 08 21 23 08
2015 08 21 23 57
2015 08 22 12 38
2015 08 22 19 20
2015 08 22 23 22
2015 08 22 23 23
2015 08 23 13 37
2015 08 23 15 08
2015 08 23 15 47
2015 08 24 05 35
2015 08 24 06 39
2015 08 25 03 10
2015 08 25 05 27
2015 08 25 10 29
2015 08 26 02 20
2015 08 26 04 20
2015 08 26 08 31
2015 08 27 03 17
2015 08 27 04 34
2015 08 27 06 39
2015 08 27 09 57
2015 08 27 15 09
2015 08 27 21 07
2015 08 27 22 06
2015 08 28 13 31
2015 09 01 00 46
2015 09 01 05 34
2015 09 01 07 36
2015 09 01 09 00
2015 09 01 11 26
2015 09 01 17 26
2015 09 01 21 42
2015 09 01 23 22
2015 09 02 12 02
2015 09 02 12 47
2015 09 02 16 36
2015 09 02 22 05
2015 09 03 02 17
2015 09 03 12 49
2015 09 03 14 06
2015 09 04 12 57
2015 09 04 20 44
2015 09 04 21 28
2015 09 05 09 33
2015 09 05 12 50
2015 09 05 14 23
2015 09 05 16 03
2015 09 05 20 08
2015 09 06 00 52
2015 09 06 18 53
2015 09 07 09 56
2015 09 07 11 26
2015 09 07 12 02
2015 09 08 03 43
2015 09 08 14 47
2015 09 08 23 27
2015 09 08 23 35
2015 09 09 01 00
2015 09 10 18 17
2015 09 11 00 16
2015 09 11 04 34
2015 09 11 12 46
2015 09 13 00 58
2015 09 13 09 40
2015 09 14 01 10
2015 09 14 16 15
2015 09 15 00 33
2015 09 15 00 35
2015 09 15 02 31
2015 09 16 06 01
2015 09 16 11 21
2015 09 16 20 20
2015 09 16 21 47
2015 09 17 06 04
2015 09 17 09 27
2015 09 17 09 32
2015 09 17 10 34
2015 09 17 13 14
2015 09 17 14 33
2015 09 18 00 33
2015 09 18 07 34
2015 09 18 13 59
2015 09 19 10 01
2015 09 19 10 45
2015 09 19 22 40
2015 09 19 23 29
2015 09 20 09 40
2015 09 20 11 35
2015 09 20 12 26
2015 09 20 21 15
2015 09 21 06 05
2015 09 21 07 51
2015 09 21 18 02
2015 09 22 01 48
2015 09 22 04 43
2015 09 23 10 06
2015 09 23 13 07
2015 09 23 15 04
2015 09 24 03 42
2015 09 24 09 07
2015 09 24 09 43
2015 09 25 20 49
2015 09 25 23 04
2015 09 26 04 14
2015 09 26 04 45
2015 09 26 11 20
2015 09 26 11 53
2015 09 27 16 27
2015 09 27 23 24
2015 09 28 01 43
2015 09 28 11 58
2015 09 28 12 50
2015 09 28 22 29
2015 10 01 04 55
2015 10 01 08 20
2015 10 01 19 00
2015 10 02 02 03
2015 10 02 07 05
2015 10 02 09 16
2015 10 02 12 18
2015 10 04 03 33
2015 10 04 15 20
2015 10 05 01 43
2015 10 05 03 06
2015 10 05 10 02
2015 10 05 11 25
2015 10 06 03 54
2015 10 06 04 01
2015 10 06 12 53
2015 10 06 16 23
2015 10 06 22 58
2015 10 07 03 25
2015 10 08 02 12
2015 10 08 10 34
2015 10 09 01 04
2015 10 09 03 10
2015 10 09 09 23
2015 10 09 19 24
2015 10 10 16 35
2015 10 10 18 09
2015 10 10 18 56
2015 10 10 21 18
2015 10 10 23 51
2015 10 11 05 41
2015 10 11 11 27
2015 10 11 20 15
2015 10 12 17 15
2015 10 12 18 40
2015 10 12 23 41
2015 10 13 14 39
2015 10 13 20 20
2015 10 13 20 29
2015 10 14 02 53
2015 10 14 18 38
2015 10 15 01 21
2015 10 15 19 05
2015 10 15 21 53
2015 10 16 01 33
2015 10 16 07 52
2015 10 16 13 55
2015 10 16 21 33
2015 10 16 22 01
2015 10 17 09 49
2015 10 19 03 52
2015 10 19 04 02
2015 10 19 22 36
2015 10 20 13 16
2015 10 20 20 18
2015 10 21 04 21
2015 10 21 17 01
2015 10 22 08 12
2015 10 22 14 03
2015 10 23 04 52
2015 10 23 05 54
2015 10 23 10 18
2015 10 23 20 27
2015 10 23 20 52
2015 10 24 00 12
2015 10 24 02 45
2015 10 24 07 38
2015 10 24 09 42
2015 10 24 18 47
2015 10 24 22 32
2015 10 25 13 12
2015 10 25 16 59
2015 10 25 20 58
2015 10 25 22 22
2015 10 25 22 43
2015 10 26 12 10
2015 10 26 15 29
2015 10 26 20 16
2015 10 27 03 00
2015 10 27 04 09
2015 10 27 07 02
2015 10 27 08 16
2015 10 27 15 14
2015 10 27 20 04
2015 10 28 13 52
2015 10 28 18 55
2015 10 28 21 44
2015 11 01 06 54
2015 11 02 04 29
2015 11 02 04 52
2015 11 02 06 47
2015 11 02 09 29
2015 11 03 02 54
2015 11 03 14 07
2015 11 03 16 42
2015 11 03 21 15
2015 11 04 02 43
2015 11 04 07 21
2015 11 04 09 25
2015 11 04 21 23
2015 11 05 01 37
2015 11 05 04 27
2015 11 05 14 23
2015 11 05 16 54
2015 11 05 21 16
2015 11 06 15 10
2015 11 06 20 21
2015 11 07 02 48
2015 11 07 05 44
2015 11 07 09 47
2015 11 07 19 25
2015 11 07 20 25
2015 11 08 11 54
2015 11 09 02 50
2015 11 09 05 03
2015 11 09 05 59
2015 11 09 08 03
2015 11 10 05 51
2015 11 11 00 08
2015 11 11 01 17
2015 11 11 05 32
2015 11 11 07 37
2015 11 12 03 08
2015 11 12 09 46
2015 11 12 11 14
2015 11 12 14 08
2015 11 13 06 45
2015 11 13 08 45
2015 11 13 17 41
2015 11 13 20 56
2015 11 14 02 17
2015 11 14 05 49
2015 11 14 06 05
2015 11 15 02 04
2015 11 15 10 47
2015 11 15 17 48
2015 11 16 11 23
2015 11 16 15 57
2015 11 17 20 46
2015 11 18 11 32
2015 11 18 16 01
2015 11 18 16 35
2015 11 18 18 53
2015 11 18 20 19
2015 11 18 23 39
2015 11 19 01 59
2015 11 19 03 52
2015 11 19 12 43
2015 11 20 03 09
2015 11 20 11 56
2015 11 20 12 45
2015 11 20 20 53
2015 11 21 07 47
2015 11 21 07 58
2015 11 21 10 59
2015 11 21 13 29
2015 11 21 19 26
2015 11 21 23 35
2015 11 22 02 40
2015 11 22 10 04
2015 11 22 13 59
2015 11 23 19 34
2015 11 24 01 49
2015 11 24 20 05
2015 11 24 22 16
2015 11 25 20 18
2015 11 25 21 09
2015 11 26 01 29
2015 11 26 18 32
2015 11 26 23 13
2015 11 27 13 51
2015 11 27 16 15
2015 11 27 16 22
2015 11 27 21 08
2015 11 27 23 12
2015 12 01 00 18
2015 12 01 04 08
2015 12 01 13 42
2015 12 01 13 44
2015 12 01 18 21
2015 12 01 23 06
2015 12 02 07 00
2015 12 02 12 04
2015 12 02 13 50
2015 12 02 14 36
2015 12 03 01 30
2015 12 03 02 51
2015 12 03 03 48
2015 12 03 06 18
2015 12 03 07 01
2015 12 03 10 57
2015 12 04 07 35
2015 12 04 12 33
2015 12 04 15 57
2015 12 04 19 46
2015 12 04 20 58
2015 12 06 15 44
2015 12 07 11 34
2015 12 07 12 13
2015 12 07 19 46
2015 12 07 20 28
2015 12 08 10 37
2015 12 09 05 11
2015 12 09 05 52
2015 12 09 08 00
2015 12 09 12 03
2015 12 09 12 53
2015 12 09 21 38
2015 12 10 01 51
2015 12 10 04 16
2015 12 10 04 31
2015 12 10 10 06
2015 12 11 08 09
2015 12 12 07 37
2015 12 12 10 32
2015 12 12 15 30
2015 12 12 16 39
2015 12 12 18 57
2015 12 13 10 07
2015 12 13 11 25
2015 12 13 16 14
2015 12 14 12 11
2015 12 14 21 21
2015 12 15 11 33
2015 12 16 05 41
2015 12 16 07 32
2015 12 16 20 34
2015 12 17 05 25
2015 12 17 06 45
2015 12 17 06 47
2015 12 17 12 43
2015 12 17 17 14
2015 12 18 01 53
2015 12 18 03 10
2015 12 18 05 22
2015 12 18 13 16
2015 12 19 08 28
2015 12 19 09 03
2015 12 19 19 34
2015 12 20 03 04
2015 12 20 16 12
2015 12 20 20 04
2015 12 21 08 14
2015 12 21 22 30
2015 12 22 13 15
2015 12 24 20 52
2015 12 25 10 40
2015 12 25 11 30
2015 12 26 02 33
2015 12 26 04 43
2015 12 26 23 57
2015 12 27 00 48
2015 12 27 03 50
2015 12 27 19 22
2015 12 27 21 45
2015 12 28 14 05
2015 12 28 15 56
2016 01 01 03 49
2016 01 02 08 21
2016 01 02 09 30
2016 01 02 14 43
2016 01 02 20 55
2016 01 03 02 10
2016 01 03 10 58
2016 01 03 18 06
2016 01 04 00 34
2016 01 04 05 07
2016 01 04 14 37
2016 01 04 17 23
2016 01 04 21 21
2016 01 05 02 07
2016 01 05 17 15
2016 01 05 17 17
2016 01 05 19 45
2016 01 06 18 02
2016 01 07 00 37
2016 01 07 02 44
2016 01 07 06 59
2016 01 07 13 17
2016 01 07 20 53
2016 01 08 07 04
2016 01 09 00 30
2016 01 09 05 18
2016 01 10 02 09
2016 01 10 04 11
2016 01 10 05 01
2016 01 10 06 59
2016 01 10 11 14
2016 01 10 14 50
2016 01 11 04 35
2016 01 11 04 41
2016 01 11 05 49
2016 01 11 07 33
2016 01 11 15 01
2016 01 11 21 35
2016 01 12 02 48
2016 01 12 04 16
2016 01 12 04 57
2016 01 12 10 12
2016 01 12 15 33
2016 01 13 00 24
2016 01 13 06 45
2016 01 13 09 45
2016 01 13 14 38
2016 01 13 18 39
2016 01 13 22 37
2016 01 13 23 53
2016 01 14 03 26
2016 01 14 20 35
2016 01 15 04 36
2016 01 15 13 51
2016 01 15 14 04
2016 01 15 14 10
2016 01 15 17 30
2016 01 15 23 26
2016 01 16 00 39
2016 01 16 06 17
2016 01 17 10 04
2016 01 17 14 16
2016 01 17 15 10
2016 01 17 19 34
2016 01 18 04 25
2016 01 18 08 57
2016 01 18 11 37
2016 01 18 15 32
2016 01 18 16 18
2016 01 18 23 02
2016 01 19 04 29
2016 01 19 12 30
2016 01 19 16 26
2016 01 20 07 43
2016 01 20 19 05
2016 01 20 20 27
2016 01 21 02 01
2016 01 21 05 19
2016 01 21 07 33
2016 01 21 22 16
2016 01 21 22 46
2016 01 22 01 08
2016 01 22 18 57
2016 01 23 04 21
2016 01 23 07 06
2016 01 23 20 26
2016 01 23 23 10
2016 01 24 16 01
2016 01 24 20 40
2016 01 24 20 49
2016 01 25 02 59
2016 01 25 03 29
2016 01 25 04 32
2016 01 25 10 06
2016 01 25 15 51
2016 01 25 17 05
2016 01 26 01 17
2016 01 26 04 29
2016 01 27 02 46
2016 01 27 07 32
2016 01 27 13 33
2016 01 28 03 22
2016 01 28 20 47
2016 02 01 06 15
2016 02 01 11 35
2016 02 01 13 22
2016 02 01 16 13
2016 02 01 17 06
2016 02 01 20 44
2016 02 02 11 57
2016 02 02 19 35
2016 02 02 23 48
2016 02 03 02 52
2016 02 04 00 41
2016 02 04 01 21
2016 02 04 01 46
2016 02 04 06 25
2016 02 04 06 58
2016 02 04 11 35
2016 02 04 22 14
2016 02 05 07 27
2016 02 05 09 10
2016 02 05 12 08
2016 02 05 13 48
2016 02 05 14 37
2016 02 05 16 36
2016 02 05 16 40
2016 02 06 19 03
2016 02 07 02 19
2016 02 07 23 36
2016 02 08 03 43
2016 02 08 03 57
2016 02 08 06 31
2016 02 08 09 51
2016 02 08 12 05
2016 02 08 14 39
2016 02 08 20 30
2016 02 08 23 32
2016 02 09 01 33
2016 02 09 12 48
2016 02 10 03 28
2016 02 10 04 27
2016 02 10 07 08
2016 02 10 10 12
2016 02 10 13 21
2016 02 10 22 49
2016 02 11 02 46
2016 02 11 03 50
2016 02 11 04 48
2016 02 11 12 46
2016 02 12 03 32
2016 02 12 11 52
2016 02 12 20 28
2016 02 12 22 44
2016 02 13 01 18
2016 02 13 12 02
2016 02 13 21 25
2016 02 13 21 51
2016 02 14 02 31
2016 02 14 02 42
2016 02 14 07 03
2016 02 14 17 24
2016 02 15 02 36
2016 02 15 16 38
2016 02 16 00 38
2016 02 17 03 41
2016 02 17 17 34
2016 02 17 21 22
2016 02 17 23 53
2016 02 18 03 45
2016 02 18 07 17
2016 02 18 08 41
2016 02 18 22 11
2016 02 19 01 51
2016 02 19 05 42
2016 02 19 07 42
2016 02 19 12 40
2016 02 19 12 42
2016 02 19 15 56
2016 02 19 17 05
2016 02 20 09 23
2016 02 20 11 39
2016 02 20 22 29
2016 02 21 03 29
2016 02 21 06 55
2016 02 22 03 41
2016 02 22 06 22
2016 02 22 11 19
2016 02 22 14 01
2016 02 22 21 09
2016 02 23 04 51
2016 02 23 14 05
2016 02 23 17 27
2016 02 24 18 15
2016 02 24 19 40
2016 02 26 05 13
2016 02 26 15 49
2016 02 26 17 28
2016 02 28 02 58
2016 02 28 05 01
2016 02 28 08 35
2016 02 28 16 29
2016 02 28 22 47
2016 03 01 00 17
2016 03 01 03 07
2016 03 02 02 52
2016 03 03 11 31
2016 03 03 15 42
2016 03 03 16 01
2016 03 03 17 05
2016 03 03 20 51
2016 03 04 03 58
2016 03 05 00 13
2016 03 05 02 06
2016 03 05 08 22
2016 03 05 22 12
2016 03 06 23 28
2016 03 07 01 37
2016 03 07 03 04
2016 03 07 15 24
2016 03 08 11 58
2016 03 08 13 41
2016 03 08 18 05
2016 03 08 21 25
2016 03 10 15 26
2016 03 11 02 09
2016 03 11 03 56
2016 03 11 18 14
2016 03 11 19 38
2016 03 11 20 02
2016 03 12 21 24
2016 03 13 03 26
2016 03 14 20 28
2016 03 14 23 37
2016 03 15 06 22
2016 03 15 07 30
2016 03 16 03 03
2016 03 16 10 51
2016 03 16 16 32
2016 03 16 20 27
2016 03 16 20 50
2016 03 17 16 42
2016 03 18 15 29
2016 03 18 15 53
2016 03 20 08 41
2016 03 20 12 00
2016 03 20 12 39
2016 03 20 20 47
2016 03 21 07 21
2016 03 21 20 47
2016 03 22 04 39
2016 03 22 15 02
2016 03 22 20 57
2016 03 22 23 20
2016 03 23 11 45
2016 03 23 12 20
2016 03 23 18 48
2016 03 23 20 49
2016 03 24 01 09
2016 03 24 10 39
2016 03 24 15 05
2016 03 24 15 11
2016 03 24 15 30
2016 03 25 04 57
2016 03 25 09 29
2016 03 25 21 31
2016 03 26 20 06
2016 03 26 20 09
2016 03 26 20 14
2016 03 27 07 17
2016 03 27 10 51
2016 03 28 02 07
2016 03 28 08 18
2016 03 28 11 30
2016 04 01 00 12
2016 04 01 00 44
2016 04 01 04 08
2016 04 02 12 20
2016 04 02 16 44
2016 04 03 09 53
2016 04 03 11 26
2016 04 03 15 51
2016 04 03 16 17
2016 04 04 07 35
2016 04 04 15 44
2016 04 04 18 12
2016 04 04 21 01
2016 04 05 10 17
2016 04 05 12 12
2016 04 06 17 55
2016 04 07 08 34
2016 04 07 11 40
2016 04 08 10 32
2016 04 08 23 22
2016 04 09 02 32
2016 04 09 23 01
2016 04 10 02 41
2016 04 10 06 26
2016 04 10 10 54
2016 04 11 11 07
2016 04 12 04 47
2016 04 12 10 51
2016 04 12 16 20
2016 04 12 19 24
2016 04 12 19 24
2016 04 13 10 57
2016 04 13 12 20
2016 04 13 22 42
2016 04 14 00 59
2016 04 14 04 57
2016 04 14 20 23
2016 04 15 05 54
2016 04 15 09 09
2016 04 15 16 27
2016 04 15 21 13
2016 04 15 22 40
2016 04 16 04 59
2016 04 16 13 47
2016 04 17 04 14
2016 04 17 04 48
2016 04 17 10 49
2016 04 17 21 19
2016 04 17 21 51
2016 04 18 09 23
2016 04 18 13 03
2016 04 20 00 39
2016 04 20 15 19
2016 04 21 06 33
2016 04 21 09 03
2016 04 21 10 48
2016 04 21 21 30
2016 04 21 22 53
2016 04 22 00 10
2016 04 22 05 52
2016 04 22 07 42
2016 04 22 18 14
2016 04 22 23 44
2016 04 23 23 31
2016 04 24 09 53
2016 04 24 13 47
2016 04 24 15 57
2016 04 24 16 38
2016 04 25 05 08
2016 04 25 06 26
2016 04 25 07 25
2016 04 25 12 57
2016 04 25 18 04
2016 04 25 18 14
2016 04 25 21 43
2016 04 26 13 51
2016 04 26 14 31
2016 04 26 23 36
2016 04 26 23 54
2016 04 27 03 04
2016 04 27 21 46
2016 04 27 22 47
2016 04 28 05 25
2016 04 28 10 41
2016 04 28 12 57
2016 05 01 01 26
2016 05 01 18 39
2016 05 01 18 54
2016 05 01 19 07
2016 05 01 21 26
2016 05 01 22 24
2016 05 02 14 53
2016 05 03 19 11
2016 05 03 20 07
2016 05 04 09 23
2016 05 04 09 35
2016 05 04 18 52
2016 05 05 10 04
2016 05 05 15 44
2016 05 05 16 23
2016 05 05 21 42
2016 05 06 14 39
2016 05 06 20 19
2016 05 07 11 30
2016 05 07 16 17
2016 05 08 13 20
2016 05 08 17 49
2016 05 09 09 30
2016 05 09 12 17
2016 05 09 14 37
2016 05 09 22 01
2016 05 10 03 36
2016 05 10 14 54
2016 05 11 06 55
2016 05 11 07 34
2016 05 11 08 06
2016 05 11 16 06
2016 05 11 23 19
2016 05 11 23 33
2016 05 12 04 16
2016 05 12 10 45
2016 05 12 19 49
2016 05 13 00 06
2016 05 13 00 10
2016 05 13 11 33
2016 05 14 00 07
2016 05 14 04 33
2016 05 14 06 57
2016 05 14 16 00
2016 05 15 06 51
2016 05 15 17 35
2016 05 17 04 52
2016 05 17 08 45
2016 05 17 11 35
2016 05 17 16 01
2016 05 18 06 44
2016 05 18 20 05
2016 05 19 02 22
2016 05 19 08 00
2016 05 19 12 13
2016 05 20 00 16
2016 05 20 05 47
2016 05 20 08 47
2016 05 20 17 42
2016 05 20 17 59
2016 05 20 23 26
2016 05 21 02 25
2016 05 21 17 03
2016 05 21 23 50
2016 05 22 19 52
2016 05 23 02 58
2016 05 23 06 53
2016 05 23 14 35
2016 05 23 19 15
2016 05 24 17 52
2016 05 25 09 12
2016 05 25 10 45
2016 05 25 16 04
2016 05 26 05 51
2016 05 26 07 40
2016 05 26 15 28
2016 05 26 16 24
2016 05 27 02 13
2016 05 27 08 08
2016 05 27 21 21
2016 05 28 03 45
2016 05 28 09 38
2016 05 28 09 45
2016 05 28 09 59
2016 06 01 06 06
2016 06 02 00 57
2016 06 02 06 56
2016 06 03 07 25
2016 06 05 02 42
2016 06 05 02 50
2016 06 05 04 22
2016 06 05 11 16
2016 06 05 12 27
2016 06 05 23 29
2016 06 05 23 46
2016 06 06 05 31
2016 06 06 09 37
2016 06 06 17 42
2016 06 06 21 43
2016 06 06 22 06
2016 06 07 07 33
2016 06 08 10 21
2016 06 08 20 44
2016 06 09 10 49
2016 06 09 13 03
2016 06 10 01 00
2016 06 10 11 16
2016 06 10 12 57
2016 06 10 23 26
2016 06 11 03 10
2016 06 11 04 29
2016 06 11 13 56
2016 06 11 16 14
2016 06 12 00 42
2016 06 12 11 46
2016 06 12 12 22
2016 06 13 15 43
2016 06 14 07 27
2016 06 14 21 34
2016 06 14 22 41
2016 06 15 13 05
2016 06 15 22 01
2016 06 16 07 39
2016 06 16 09 04
2016 06 16 19 58
2016 06 17 00 51
2016 06 17 04 10
2016 06 17 16 24
2016 06 18 05 12
2016 06 18 13 37
2016 06 18 16 24
2016 06 19 14 59
2016 06 19 17 37
2016 06 19 22 00
2016 06 21 02 18
2016 06 22 18 31
2016 06 22 20 55
2016 06 23 05 22
2016 06 23 09 08
2016 06 23 12 18
2016 06 23 13 40
2016 06 24 01 50
2016 06 24 09 05
2016 06 24 12 44
2016 06 25 08 23
2016 06 25 22 04
2016 06 26 06 50
2016 06 26 20 38
2016 06 27 08 23
2016 06 27 14 52
2016 06 28 06 05
2016 07 01 02 00
2016 07 02 11 45
2016 07 02 13 20
2016 07 02 20 27
2016 07 03 04 13
2016 07 03 06 43
2016 07 03 12 44
2016 07 03 15 41
2016 07 03 17 41
2016 07 03 22 14
2016 07 03 23 18
2016 07 03 23 31
2016 07 04 15 16
2016 07 04 23 36
2016 07 05 11 04
2016 07 05 20 57
2016 07 06 09 59
2016 07 07 04 25
2016 07 07 16 35
2016 07 08 11 38
2016 07 08 13 48
2016 07 08 23 22
2016 07 09 08 37
2016 07 09 16 16
2016 07 09 22 29
2016 07 09 23 42
2016 07 10 04 36
2016 07 10 11 44
2016 07 10 19 06
2016 07 11 02 33
2016 07 11 14 30
2016 07 11 18 16
2016 07 11 18 49
2016 07 11 22 45
2016 07 12 15 45
2016 07 12 17 06
2016 07 12 20 25
2016 07 13 04 30
2016 07 13 14 18
2016 07 13 14 25
2016 07 13 15 15
2016 07 14 08 22
2016 07 14 19 42
2016 07 14 21 52
2016 07 14 23 57
2016 07 15 13 25
2016 07 15 20 25
2016 07 16 04 47
2016 07 16 16 25
2016 07 16 18 32
2016 07 16 21 46
2016 07 17 02 21
2016 07 17 07 44
2016 07 17 17 00
2016 07 17 19 40
2016 07 18 01 39
2016 07 18 10 54
2016 07 18 16 08
2016 07 18 20 24
2016 07 19 05 44
2016 07 19 13 30
2016 07 20 03 39
2016 07 20 13 40
2016 07 20 14 12
2016 07 20 18 45
2016 07 21 13 11
2016 07 21 17 38
2016 07 21 21 21
2016 07 21 23 01
2016 07 22 06 55
2016 07 23 06 55
2016 07 23 15 47
2016 07 23 16 51
2016 07 23 21 42
2016 07 23 23 34
2016 07 24 09 22
2016 07 24 15 23
2016 07 24 23 44
2016 07 25 01 53
2016 07 25 01 53
2016 07 25 06 02
2016 07 25 16 37
2016 07 25 18 53
2016 07 26 16 06
2016 07 27 09 42
2016 07 27 11 18
2016 07 28 07 49
2016 07 28 19 13
2016 07 28 21 34
2016 08 01 10 26
2016 08 01 21 41
2016 08 02 00 18
2016 08 02 02 44
2016 08 02 13 27
2016 08 03 06 17
2016 08 03 09 36
2016 08 03 22 19
2016 08 04 10 06
2016 08 04 14 15
2016 08 04 14 48
2016 08 04 21 32
2016 08 05 21 52
2016 08 06 06 01
2016 08 06 08 06
2016 08 06 17 07
2016 08 08 00 42
2016 08 08 13 47
2016 08 08 22 37
2016 08 09 06 48
2016 08 09 10 23
2016 08 09 19 35
2016 08 10 08 36
2016 08 10 09 41
2016 08 10 09 52
2016 08 12 00 21
2016 08 12 01 11
2016 08 12 19 05
2016 08 12 21 30
2016 08 13 06 44
2016 08 13 17 58
2016 08 13 21 06
2016 08 14 01 17
2016 08 14 05 37
2016 08 14 10 32
2016 08 14 12 26
2016 08 14 15 11
2016 08 15 04 52
2016 08 15 10 56
2016 08 15 17 06
2016 08 15 22 21
2016 08 16 07 24
2016 08 16 11 11
2016 08 16 12 29
2016 08 16 22 00
2016 08 16 22 47
2016 08 17 01 22
2016 08 17 07 49
2016 08 17 17 55
2016 08 18 06 46
2016 08 18 23 47
2016 08 19 05 20
2016 08 19 22 29
2016 08 20 11 22
2016 08 20 12 17
2016 08 20 16 43
2016 08 21 14 11
2016 08 21 22 49
2016 08 22 05 04
2016 08 22 23 21
2016 08 23 02 28
2016 08 24 04 55
2016 08 24 18 12
2016 08 24 19 43
2016 08 25 14 24
2016 08 25 20 58
2016 08 26 06 44
2016 08 26 08 31
2016 08 26 16 27
2016 08 26 21 11
2016 08 27 04 52
2016 08 27 07 45
2016 08 27 12 55
2016 08 27 18 30
2016 08 28 05 06
2016 08 28 09 29
2016 08 28 20 05
2016 08 28 21 22
2016 09 01 09 48
2016 09 02 02 20
2016 09 02 13 22
2016 09 02 13 31
2016 09 02 18 01
2016 09 03 00 58
2016 09 04 02 44
2016 09 04 10 37
2016 09 04 22 25
2016 09 05 03 40
2016 09 05 06 17
2016 09 05 18 52
2016 09 05 20 37
2016 09 06 01 33
2016 09 06 13 46
2016 09 07 00 18
2016 09 07 13 20
2016 09 07 18 34
2016 09 08 12 48
2016 09 08 22 43
2016 09 09 05 36
2016 09 09 08 13
2016 09 09 12 42
2016 09 09 16 06
2016 09 09 23 44
2016 09 10 06 52
2016 09 10 11 04
2016 09 10 15 32
2016 09 10 22 17
2016 09 11 06 35
2016 09 11 08 41
2016 09 11 14 15
2016 09 12 03 45
2016 09 12 13 25
2016 09 12 16 35
2016 09 13 11 43
2016 09 13 12 47
2016 09 13 13 40
2016 09 13 21 00
2016 09 14 06 45
2016 09 16 05 35
2016 09 16 06 55
2016 09 16 17 27
2016 09 17 18 40
2016 09 17 22 10
2016 09 18 01 13
2016 09 18 01 31
2016 09 18 11 44
2016 09 18 14 43
2016 09 20 09 53
2016 09 20 13 29
2016 09 22 00 35
2016 09 22 03 38
2016 09 22 06 00
2016 09 22 21 12
2016 09 23 02 08
2016 09 23 14 15
2016 09 24 01 55
2016 09 24 04 24
2016 09 24 13 43
2016 09 24 18 07
2016 09 25 02 07
2016 09 25 12 16
2016 09 26 05 26
2016 09 27 00 26
2016 09 27 00 48
2016 09 27 02 38
2016 09 27 19 29
2016 09 28 01 08
2016 09 28 07 28
2016 09 28 12 48
2016 09 28 15 35
2016 10 02 04 29
2016 10 02 12 08
2016 10 02 13 15
2016 10 02 18 52
2016 10 03 09 33
2016 10 03 13 10
2016 10 04 09 33
2016 10 04 14 42
2016 10 04 22 27
2016 10 05 01 27
2016 10 05 11 46
2016 10 05 15 13
2016 10 05 15 33
2016 10 06 01 43
2016 10 06 20 43
2016 10 07 01 19
2016 10 07 01 20
2016 10 07 01 21
2016 10 07 16 58
2016 10 07 23 40
2016 10 08 02 58
2016 10 08 21 56
2016 10 09 03 16
2016 10 09 11 56
2016 10 09 15 21
2016 10 10 02 09
2016 10 10 21 07
2016 10 11 00 49
2016 10 11 16 13
2016 10 11 18 32
2016 10 11 23 41
2016 10 12 10 23
2016 10 12 15 25
2016 10 12 17 14
2016 10 12 18 12
2016 10 13 05 10
2016 10 13 23 09
2016 10 13 23 57
2016 10 13 23 59
2016 10 14 00 51
2016 10 14 15 17
2016 10 15 04 22
2016 10 15 19 11
2016 10 16 00 55
2016 10 16 11 13
2016 10 16 15 03
2016 10 17 01 50
2016 10 17 02 19
2016 10 18 05 13
2016 10 18 08 03
2016 10 18 10 13
2016 10 18 22 51
2016 10 19 09 27
2016 10 19 12 45
2016 10 19 12 55
2016 10 19 13 10
2016 10 19 14 39
2016 10 20 15 22
2016 10 20 20 19
2016 10 21 04 26
2016 10 21 10 14
2016 10 21 14 45
2016 10 22 11 18
2016 10 22 17 07
2016 10 22 18 25
2016 10 22 23 39
2016 10 23 10 44
2016 10 23 14 22
2016 10 23 19 29
2016 10 24 03 51
2016 10 24 05 33
2016 10 24 06 22
2016 10 24 11 08
2016 10 24 23 38
2016 10 25 13 02
2016 10 27 09 07
2016 10 27 17 03
2016 10 28 08 56
2016 10 28 15 33
2016 11 01 02 08
2016 11 01 13 20
2016 11 01 15 27
2016 11 01 16 46
2016 11 01 22 37
2016 11 02 13 29
2016 11 02 23 23
2016 11 03 05 20
2016 11 03 07 28
2016 11 03 16 00
2016 11 04 00 08
2016 11 04 10 13
2016 11 04 12 23
2016 11 05 07 52
2016 11 06 07 48
2016 11 06 16 53
2016 11 06 19 16
2016 11 06 23 28
2016 11 07 02 16
2016 11 07 17 11
2016 11 07 22 20
2016 11 08 03 50
2016 11 08 06 35
2016 11 09 06 58
2016 11 09 08 23
2016 11 09 17 53
2016 11 10 05 24
2016 11 10 08 47
2016 11 10 16 38
2016 11 10 21 35
2016 11 11 04 45
2016 11 11 05 47
2016 11 13 09 22
2016 11 13 11 49
2016 11 13 16 53
2016 11 14 14 59
2016 11 17 08 13
2016 11 17 15 35
2016 11 17 19 05
2016 11 18 01 38
2016 11 18 09 00
2016 11 18 12 30
2016 11 18 17 35
2016 11 19 08 05
2016 11 19 13 16
2016 11 19 15 11
2016 11 19 17 15
2016 11 20 04 56
2016 11 21 13 28
2016 11 21 15 58
2016 11 22 08 40
2016 11 22 14 19
2016 11 22 21 33
2016 11 22 23 59
2016 11 23 04 01
2016 11 23 16 26
2016 11 23 16 53
2016 11 23 23 02
2016 11 24 10 18
2016 11 26 21 25
2016 11 26 21 49
2016 11 27 04 56
2016 11 28 02 02
2016 11 28 07 06
2016 11 28 11 04
2016 12 01 03 39
2016 12 01 04 19
2016 12 01 13 12
2016 12 01 16 57
2016 12 01 19 07
2016 12 01 20 24
2016 12 02 06 12
2016 12 02 11 47
2016 12 02 14 22
2016 12 02 22 28
2016 12 03 14 48
2016 12 04 02 37
2016 12 04 06 35
2016 12 04 09 28
2016 12 04 12 56
2016 12 04 18 16
2016 12 04 21 10
2016 12 04 22 50
2016 12 04 22 53
2016 12 05 01 21
2016 12 05 06 37
2016 12 05 07 58
2016 12 05 09 47
2016 12 06 09 35
2016 12 06 11 07
2016 12 07 10 31
2016 12 07 11 12
2016 12 07 13 47
2016 12 07 20 26
2016 12 08 12 40
2016 12 09 00 08
2016 12 09 23 07
2016 12 10 11 15
2016 12 10 16 59
2016 12 10 18 45
2016 12 11 05 52
2016 12 12 10 17
2016 12 12 17 44
2016 12 12 20 39
2016 12 13 04 09
2016 12 13 04 23
2016 12 13 06 16
2016 12 13 14 14
2016 12 13 22 23
2016 12 14 15 07
2016 12 14 15 23
2016 12 15 00 33
2016 12 15 01 56
2016 12 15 04 20
2016 12 15 11 42
2016 12 15 13 59
2016 12 15 17 46
2016 12 16 05 28
2016 12 16 05 29
2016 12 16 23 30
2016 12 17 07 50
2016 12 17 09 02
2016 12 17 23 19
2016 12 18 00 41
2016 12 18 09 38
2016 12 19 11 50
2016 12 19 17 06
2016 12 19 19 05
2016 12 19 19 21
2016 12 19 22 13
2016 12 20 02 11
2016 12 21 03 30
2016 12 21 04 04
2016 12 21 06 13
2016 12 21 06 56
2016 12 21 09 22
2016 12 21 15 15
2016 12 21 22 07
2016 12 22 11 37
2016 12 22 12 14
2016 12 23 07 49
2016 12 23 10 38
2016 12 23 11 19
2016 12 23 18 33
2016 12 23 22 08
2016 12 24 22 24
2016 12 25 04 44
2016 12 25 05 45
2016 12 26 00 24
2016 12 26 07 44
2016 12 27 02 37
2016 12 27 02 45
2016 12 27 03 05
2016 12 27 04 13
2016 12 27 10 17
2016 12 27 14 01
2016 12 28 10 21
2017 01 01 10 11
2017 01 01 17 29
2017 01 02 05 28
2017 01 02 18 55
2017 01 02 20 29
2017 01 02 21 47
2017 01 03 12 38
2017 01 03 13 36
2017 01 03 15 25
2017 01 04 03 03
2017 01 04 07 32
2017 01 04 09 49
2017 01 04 23 16
2017 01 05 15 15
2017 01 05 16 53
2017 01 06 11 05
2017 01 06 11 25
2017 01 06 16 56
2017 01 06 18 12
2017 01 06 20 17
2017 01 07 07 48
2017 01 07 14 47
2017 01 07 18 14
2017 01 08 14 17
2017 01 09 07 31
2017 01 10 06 30
2017 01 10 11 42
2017 01 10 14 34
2017 01 11 02 16
2017 01 11 05 20
2017 01 11 17 20
2017 01 12 05 40
2017 01 12 23 19
2017 01 13 02 25
2017 01 13 03 13
2017 01 13 10 47
2017 01 13 18 53
2017 01 13 20 53
2017 01 14 01 11
2017 01 14 17 45
2017 01 15 04 54
2017 01 15 20 26
2017 01 15 20 41
2017 01 15 22 45
2017 01 15 22 51
2017 01 16 02 07
2017 01 16 15 39
2017 01 17 05 41
2017 01 17 06 44
2017 01 17 15 18
2017 01 17 18 22
2017 01 18 04 40
2017 01 19 13 50
2017 01 19 18 46
2017 01 20 05 15
2017 01 21 04 56
2017 01 24 06 55
2017 01 24 10 28
2017 01 24 12 08
2017 01 24 13 12
2017 01 24 19 31
2017 01 24 19 33
2017 01 25 04 15
2017 01 25 10 56
2017 01 25 22 45
2017 01 26 11 09
2017 01 26 11 44
2017 01 26 20 54
2017 01 26 23 19
2017 01 27 05 19
2017 01 27 16 23
2017 01 27 18 06
2017 01 27 20 51
2017 01 28 07 40
2017 02 01 11 09
2017 02 02 00 28
2017 02 02 04 50
2017 02 02 11 29
2017 02 02 18 44
2017 02 03 08 29
2017 02 03 21 11
2017 02 04 07 20
2017 02 04 08 28
2017 02 04 11 29
2017 02 04 13 13
2017 02 04 16 28
2017 02 04 19 26
2017 02 05 03 07
2017 02 05 19 30
2017 02 06 01 39
2017 02 06 14 46
2017 02 06 17 32
2017 02 06 17 47
2017 02 06 23 12
2017 02 08 03 51
2017 02 08 05 50
2017 02 08 06 04
2017 02 08 10 05
2017 02 08 11 07
2017 02 08 12 12
2017 02 09 13 09
2017 02 09 15 31
2017 02 09 18 59
2017 02 10 05 32
2017 02 10 18 40
2017 02 10 19 05
2017 02 11 02 34
2017 02 11 12 05
2017 02 11 13 29
2017 02 11 18 01
2017 02 12 00 34
2017 02 12 09 26
2017 02 13 01 42
2017 02 13 06 37
2017 02 13 10 54
2017 02 13 18 05
2017 02 14 01 13
2017 02 14 07 26
2017 02 15 01 26
2017 02 15 05 59
2017 02 15 09 27
2017 02 16 06 44
2017 02 17 01 48
2017 02 17 09 38
2017 02 18 04 08
2017 02 18 12 45
2017 02 18 13 10
2017 02 19 11 06
2017 02 20 11 47
2017 02 20 22 30
2017 02 21 07 24
2017 02 22 21 47
2017 02 22 23 06
2017 02 22 23 42
2017 02 23 00 38
2017 02 23 13 48
2017 02 23 23 00
2017 02 24 02 25
2017 02 24 17 51
2017 02 25 20 44
2017 02 27 02 18
2017 02 27 04 15
2017 02 28 03 48
2017 02 28 05 06
2017 02 28 12 08
2017 02 28 12 40
2017 02 28 21 03
2017 03 01 13 56
2017 03 01 19 22
2017 03 02 07 54
2017 03 02 16 19
2017 03 02 17 38
2017 03 02 18 48
2017 03 02 19 53
2017 03 03 09 19
2017 03 04 11 28
2017 03 04 19 55
2017 03 04 21 54
2017 03 05 05 38
2017 03 05 12 13
2017 03 05 18 32
2017 03 05 23 16
2017 03 06 14 24
2017 03 06 19 33
2017 03 07 00 23
2017 03 07 09 29
2017 03 07 16 17
2017 03 07 18 53
2017 03 07 22 02
2017 03 08 05 43
2017 03 08 11 00
2017 03 08 21 04
2017 03 09 02 14
2017 03 09 09 48
2017 03 10 01 21
2017 03 10 04 11
2017 03 10 04 47
2017 03 10 07 32
2017 03 10 15 23
2017 03 10 19 32
2017 03 11 03 50
2017 03 11 05 02
2017 03 11 21 46
2017 03 12 02 53
2017 03 12 03 28
2017 03 13 04 39
2017 03 13 04 50
2017 03 13 08 16
2017 03 13 15 13
2017 03 13 20 26
2017 03 13 22 10
2017 03 14 06 45
2017 03 14 13 39
2017 03 14 14 13
2017 03 14 16 53
2017 03 15 01 52
2017 03 15 07 56
2017 03 15 15 28
2017 03 16 09 23
2017 03 16 17 49
2017 03 16 22 01
2017 03 17 00 18
2017 03 17 03 19
2017 03 17 04 48
2017 03 17 11 27
2017 03 17 14 04
2017 03 17 18 20
2017 03 18 16 22
2017 03 18 19 15
2017 03 19 04 47
2017 03 19 05 00
2017 03 20 02 05
2017 03 20 02 23
2017 03 20 06 39
2017 03 21 00 36
2017 03 21 00 57
2017 03 21 19 04
2017 03 22 12 57
2017 03 23 00 58
2017 03 23 04 54
2017 03 23 08 50
2017 03 23 10 13
2017 03 23 23 46
2017 03 24 12 51
2017 03 24 20 02
2017 03 25 04 09
2017 03 25 04 24
2017 03 25 10 07
2017 03 25 21 43
2017 03 25 21 56
2017 03 26 15 31
2017 03 27 11 09
2017 03 27 12 31
2017 03 27 12 52
2017 03 27 13 09
2017 03 27 19 59
2017 03 28 00 18
2017 03 28 01 02
2017 03 28 02 13
2017 03 28 08 47
2017 04 01 17 30
2017 04 02 08 49
2017 04 02 12 11
2017 04 03 02 58
2017 04 03 09 28
2017 04 03 20 55
2017 04 03 22 41
2017 04 04 06 53
2017 04 04 09 05
2017 04 04 13 58
2017 04 04 17 51
2017 04 05 07 29
2017 04 05 09 36
2017 04 05 21 58
2017 04 06 22 23
2017 04 06 22 50
2017 04 07 06 11
2017 04 07 12 12
2017 04 07 12 27
2017 04 08 15 12
2017 04 08 22 29
2017 04 08 22 32
2017 04 09 00 39
2017 04 09 01 26
2017 04 09 02 27
2017 04 09 06 33
2017 04 09 11 32
2017 04 09 13 20
2017 04 09 18 11
2017 04 10 03 34
2017 04 10 07 29
2017 04 11 00 40
2017 04 11 01 35
2017 04 11 19 39
2017 04 11 22 30
2017 04 12 07 13
2017 04 13 02 47
2017 04 13 03 59
2017 04 13 05 17
2017 04 13 06 20
2017 04 13 09 04
2017 04 13 12 41
2017 04 14 08 16
2017 04 14 22 58
2017 04 15 00 06
2017 04 15 05 26
2017 04 15 19 11
2017 04 15 19 39
2017 04 16 02 17
2017 04 16 10 37
2017 04 16 16 08
2017 04 16 19 54
2017 04 17 02 14
2017 04 17 03 22
2017 04 17 04 06
2017 04 17 06 16
2017 04 17 09 48
2017 04 18 04 10
2017 04 18 15 29
2017 04 19 12 09
2017 04 19 19 42
2017 04 20 09 48
2017 04 20 14 59
2017 04 20 16 27
2017 04 21 04 13
2017 04 21 05 15
2017 04 21 15 01
2017 04 21 19 59
2017 04 22 08 40
2017 04 22 14 42
2017 04 22 22 17
2017 04 23 05 55
2017 04 23 11 44
2017 04 23 17 17
2017 04 24 10 31
2017 04 24 12 00
2017 04 24 15 42
2017 04 25 06 30
2017 04 25 07 07
2017 04 25 10 35
2017 04 26 10 27
2017 04 26 18 44
2017 04 26 19 54
2017 04 27 07 32
2017 04 27 08 39
2017 04 27 17 14
2017 04 27 18 01
2017 04 27 20 03
2017 04 27 22 29
2017 04 28 01 29
2017 04 28 03 54
2017 04 28 04 23
2017 05 01 09 42
2017 05 02 00 26
2017 05 02 06 00
2017 05 02 06 51
2017 05 02 09 02
2017 05 02 12 11
2017 05 03 01 09
2017 05 03 03 23
2017 05 03 03 31
2017 05 03 06 25
2017 05 03 22 54
2017 05 04 02 45
2017 05 04 03 29
2017 05 04 05 22
2017 05 04 07 29
2017 05 04 15 09
2017 05 04 16 46
2017 05 05 00 22
2017 05 05 04 10
2017 05 05 15 27
2017 05 05 16 19
2017 05 05 23 15
2017 05 06 00 52
2017 05 06 16 37
2017 05 06 19 56
2017 05 06 21 01
2017 05 07 08 01
2017 05 07 15 54
2017 05 07 17 26
2017 05 07 21 38
2017 05 08 03 40
2017 05 08 07 38
2017 05 09 03 58
2017 05 09 10 19
2017 05 10 02 02
2017 05 10 05 56
2017 05 10 08 06
2017 05 11 04 42
2017 05 11 12 40
2017 05 11 12 59
2017 05 11 20 16
2017 05 12 01 09
2017 05 12 06 04
2017 05 12 10 40
2017 05 12 11 45
2017 05 13 02 49
2017 05 13 15 53
2017 05 13 20 13
2017 05 13 21 44
2017 05 13 22 38
2017 05 14 06 54
2017 05 14 12 42
2017 05 14 15 17
2017 05 15 11 12
2017 05 16 05 18
2017 05 16 06 13
2017 05 16 08 11
2017 05 16 08 50
2017 05 16 21 37
2017 05 16 22 57
2017 05 17 12 01
2017 05 17 16 57
2017 05 17 23 26
2017 05 18 09 15
2017 05 18 12 56
2017 05 18 15 21
2017 05 18 16 42
2017 05 19 23 46
2017 05 20 07 08
2017 05 20 15 20
2017 05 20 21 42
2017 05 20 23 05
2017 05 21 07 42
2017 05 21 17 00
2017 05 22 21 06
2017 05 23 02 30
2017 05 23 02 38
2017 05 23 07 02
2017 05 23 10 32
2017 05 23 20 50
2017 05 23 21 03
2017 05 24 03 00
2017 05 24 14 29
2017 05 24 20 50
2017 05 25 08 38
2017 05 25 10 14
2017 05 25 11 55
2017 05 25 13 57
2017 05 25 14 25
2017 05 25 15 02
2017 05 25 15 44
2017 05 25 15 45
2017 05 26 03 26
2017 05 26 07 55
2017 05 27 07 18
2017 05 27 13 49
2017 05 27 14 14
2017 05 27 15 06
2017 05 28 14 12
2017 05 28 14 14
2017 06 01 00 15
2017 06 02 07 49
2017 06 02 11 56
2017 06 02 13 28
2017 06 02 13 54
2017 06 02 16 15
2017 06 03 02 33
2017 06 04 09 59
2017 06 04 11 48
2017 06 04 15 35
2017 06 04 16 09
2017 06 04 19 33
2017 06 04 21 18
2017 06 05 10 00
2017 06 05 13 44
2017 06 06 00 11
2017 06 06 08 11
2017 06 06 11 03
2017 06 06 13 57
2017 06 06 19 40
2017 06 08 02 36
2017 06 08 03 02
2017 06 08 04 56
2017 06 08 15 00
2017 06 08 15 06
2017 06 08 18 12
2017 06 08 21 25
2017 06 08 22 29
2017 06 09 01 15
2017 06 09 10 53
2017 06 09 19 25
2017 06 10 11 10
2017 06 12 02 19
2017 06 12 08 43
2017 06 12 15 50
2017 06 12 16 36
2017 06 12 18 17
2017 06 14 11 00
2017 06 14 21 27
2017 06 15 00 00
2017 06 15 10 32
2017 06 16 09 32
2017 06 16 14 09
2017 06 17 01 40
2017 06 17 08 02
2017 06 17 14 00
2017 06 17 14 13
2017 06 17 15 18
2017 06 17 16 55
2017 06 18 03 48
2017 06 18 06 34
2017 06 18 06 36
2017 06 18 18 27
2017 06 18 21 25
2017 06 19 00 23
2017 06 19 03 22
2017 06 19 03 37
2017 06 19 09 29
2017 06 19 23 11
2017 06 21 01 17
2017 06 21 10 21
2017 06 22 18 15
2017 06 22 19 55
2017 06 23 14 09
2017 06 23 17 41
2017 06 23 20 55
2017 06 23 23 20
2017 06 24 02 07
2017 06 24 04 57
2017 06 24 07 05
2017 06 24 08 10
2017 06 25 05 28
2017 06 25 07 50
2017 06 25 13 54
2017 06 26 00 01
2017 06 26 16 57
2017 06 26 17 29
2017 06 27 00 49
2017 06 27 19 47
2017 06 27 23 52
2017 06 28 03 21
2017 06 28 17 41
2017 07 01 23 54
2017 07 02 08 46
2017 07 02 09 41
2017 07 02 13 37
2017 07 02 14 22
2017 07 02 16 54
2017 07 03 07 07
2017 07 03 10 53
2017 07 03 13 18
2017 07 03 18 39
2017 07 04 02 35
2017 07 04 16 47
2017 07 04 21 09
2017 07 04 22 05
2017 07 05 00 13
2017 07 05 10 13
2017 07 05 22 38
2017 07 06 00 30
2017 07 06 00 40
2017 07 06 04 21
2017 07 06 16 19
2017 07 07 01 08
2017 07 07 06 35
2017 07 07 21 19
2017 07 07 21 21
2017 07 07 22 54
2017 07 08 03 06
2017 07 08 03 42
2017 07 08 04 57
2017 07 08 15 01
2017 07 08 16 08
2017 07 09 08 24
2017 07 09 14 55
2017 07 09 17 24
2017 07 09 19 07
2017 07 10 20 37
2017 07 12 17 07
2017 07 13 14 48
2017 07 13 17 36
2017 07 13 20 13
2017 07 13 20 38
2017 07 14 01 29
2017 07 14 10 00
2017 07 14 20 54
2017 07 14 23 34
2017 07 15 19 11
2017 07 15 22 31
2017 07 15 22 37
2017 07 16 08 27
2017 07 16 14 25
2017 07 17 22 51
2017 07 17 22 56
2017 07 18 06 54
2017 07 18 21 12
2017 07 19 01 36
2017 07 20 03 06
2017 07 21 05 13
2017 07 21 14 29
2017 07 21 15 37
2017 07 21 16 59
2017 07 22 10 38
2017 07 23 12 54
2017 07 23 19 28
2017 07 23 23 59
2017 07 24 02 44
2017 07 24 05 29
2017 07 24 10 38
2017 07 24 23 20
2017 07 25 04 52
2017 07 25 06 27
2017 07 25 07 30
2017 07 25 08 42
2017 07 25 19 37
2017 07 26 02 02
2017 07 26 23 47
2017 07 27 00 34
2017 07 27 07 31
2017 07 27 09 46
2017 07 28 02 23
2017 07 28 14 12
2017 07 28 21 00
2017 07 28 21 58
2017 08 01 01 58
2017 08 01 16 39
2017 08 01 21 50
2017 08 02 19 11
2017 08 03 02 01
2017 08 03 19 19
2017 08 05 02 48
2017 08 05 10 13
2017 08 05 10 44
2017 08 05 14 34
2017 08 05 17 50
2017 08 06 06 47
2017 08 07 09 40
2017 08 07 18 12
2017 08 08 01 05
2017 08 08 02 06
2017 08 08 13 28
2017 08 08 21 15
2017 08 09 10 06
2017 08 09 21 43
2017 08 10 12 53
2017 08 11 02 41
2017 08 11 17 10
2017 08 12 17 24
2017 08 13 04 49
2017 08 14 04 21
2017 08 14 04 47
2017 08 14 15 56
2017 08 15 01 18
2017 08 15 15 26
2017 08 15 20 01
2017 08 16 02 26
2017 08 16 07 45
2017 08 16 10 07
2017 08 17 19 09
2017 08 17 22 27
2017 08 18 00 53
2017 08 18 02 17
2017 08 18 06 05
2017 08 18 16 57
2017 08 19 05 29
2017 08 19 05 44
2017 08 19 08 17
2017 08 19 17 37
2017 08 20 03 04
2017 08 20 03 59
2017 08 20 09 46
2017 08 20 15 23
2017 08 21 04 10
2017 08 21 14 04
2017 08 22 01 34
2017 08 22 10 48
2017 08 22 22 55
2017 08 23 02 05
2017 08 23 13 08
2017 08 23 22 49
2017 08 25 12 14
2017 08 25 19 19
2017 08 26 04 23
2017 08 26 06 04
2017 08 26 07 37
2017 08 26 09 05
2017 08 26 16 28
2017 08 26 21 48
2017 08 26 22 00
2017 08 27 02 36
2017 08 28 05 59
2017 08 28 10 53
2017 08 28 12 51
2017 08 28 17 06
2017 08 28 17 33
2017 08 28 18 03
2017 08 28 21 31
2017 09 01 06 01
2017 09 02 00 55
2017 09 02 01 15
2017 09 03 01 04
2017 09 03 02 12
2017 09 03 05 46
2017 09 03 17 46
2017 09 04 16 15
2017 09 04 16 50
2017 09 05 01 46
2017 09 05 05 33
2017 09 05 06 01
2017 09 05 16 15
2017 09 05 23 30
2017 09 06 02 19
2017 09 06 09 16
2017 09 06 12 39
2017 09 07 20 19
2017 09 08 03 29
2017 09 09 00 04
2017 09 09 09 04
2017 09 09 09 16
2017 09 09 12 54
2017 09 09 13 47
2017 09 10 10 19
2017 09 10 11 36
2017 09 11 03 31
2017 09 12 02 06
2017 09 13 04 59
2017 09 13 12 09
2017 09 14 10 42
2017 09 14 23 15
2017 09 15 00 34
2017 09 15 08 30
2017 09 15 22 06
2017 09 16 07 03
2017 09 16 11 48
2017 09 16 14 40
2017 09 16 22 19
2017 09 16 23 52
2017 09 17 00 47
2017 09 17 08 29
2017 09 17 20 43
2017 09 18 02 42
2017 09 18 03 36
2017 09 18 15 05
2017 09 18 23 03
2017 09 19 02 30
2017 09 19 12 48
2017 09 19 19 30
2017 09 19 20 32
2017 09 19 22 09
2017 09 21 03 38
2017 09 21 16 47
2017 09 21 22 28
2017 09 22 13 20
2017 09 22 14 58
2017 09 22 16 29
2017 09 23 09 35
2017 09 23 14 06
2017 09 24 09 04
2017 09 24 14 18
2017 09 24 19 54
2017 09 25 02 04
2017 09 25 06 28
2017 09 26 07 38
2017 09 26 09 41
2017 09 28 21 28
2017 10 01 06 32
2017 10 01 07 22
2017 10 01 15 31
2017 10 02 12 32
2017 10 03 13 49
2017 10 04 02 40
2017 10 04 08 14
2017 10 05 03 50
2017 10 05 05 45
2017 10 05 09 48
2017 10 05 17 56
2017 10 06 15 10
2017 10 07 05 39
2017 10 07 15 02
2017 10 08 03 27
2017 10 08 06 33
2017 10 08 13 50
2017 10 08 23 52
2017 10 09 02 21
2017 10 09 04 55
2017 10 09 10 02
2017 10 09 23 30
2017 10 10 17 12
2017 10 10 18 24
2017 10 10 20 06
2017 10 11 12 13
2017 10 11 18 43
2017 10 12 12 51
2017 10 12 22 33
2017 10 13 13 21
2017 10 13 21 36
2017 10 13 22 45
2017 10 14 08 28
2017 10 14 10 29
2017 10 14 15 09
2017 10 14 17 20
2017 10 15 07 12
2017 10 15 22 22
2017 10 16 01 24
2017 10 16 12 59
2017 10 16 22 23
2017 10 16 23 54
2017 10 17 02 15
2017 10 18 03 23
2017 10 18 05 17
2017 10 18 09 22
2017 10 19 01 26
2017 10 19 06 42
2017 10 19 16 03
2017 10 19 18 46
2017 10 19 21 11
2017 10 20 09 20
2017 10 20 14 07
2017 10 20 21 25
2017 10 21 08 25
2017 10 21 09 06
2017 10 21 13 17
2017 10 21 15 45
2017 10 21 17 00
2017 10 22 15 01
2017 10 23 02 29
2017 10 23 04 00
2017 10 23 11 28
2017 10 24 03 30
2017 10 24 20 12
2017 10 25 05 44
2017 10 25 09 22
2017 10 26 01 29
2017 10 26 11 08
2017 10 26 15 49
2017 10 26 20 20
2017 10 27 05 19
2017 10 27 12 24
2017 10 28 07 31
2017 10 28 13 22
2017 10 28 16 22
2017 10 28 17 18
2017 11 01 21 47
2017 11 01 23 43
2017 11 02 03 20
2017 11 02 12 20
2017 11 02 21 38
2017 11 03 01 57
2017 11 03 04 01
2017 11 03 07 13
2017 11 03 22 18
2017 11 04 01 40
2017 11 04 05 19
2017 11 05 00 28
2017 11 06 12 23
2017 11 07 06 38
2017 11 07 09 10
2017 11 07 10 50
2017 11 07 13 18
2017 11 08 07 39
2017 11 08 07 57
2017 11 08 10 37
2017 11 08 23 16
2017 11 09 00 06
2017 11 09 08 33
2017 11 10 08 14
2017 11 10 09 29
2017 11 10 11 17
2017 11 10 12 41
2017 11 10 20 21
2017 11 11 05 32
2017 11 11 07 58
2017 11 11 12 20
2017 11 12 04 48
2017 11 12 13 52
2017 11 13 02 36
2017 11 13 15 35
2017 11 13 18 41
2017 11 13 20 25
2017 11 13 20 53
2017 11 14 10 55
2017 11 14 18 28
2017 11 15 03 53
2017 11 15 05 49
2017 11 16 01 30
2017 11 17 09 04
2017 11 17 14 39
2017 11 18 01 13
2017 11 18 11 27
2017 11 18 13 01
2017 11 19 05 05
2017 11 19 07 57
2017 11 19 13 27
2017 11 19 19 26
2017 11 20 08 44
2017 11 20 09 24
2017 11 20 10 02
2017 11 20 11 54
2017 11 21 03 00
2017 11 21 03 44
2017 11 21 14 10
2017 11 21 17 26
2017 11 21 20 02
2017 11 22 14 18
2017 11 22 17 07
2017 11 23 05 35
2017 11 23 07 36
2017 11 23 16 36
2017 11 23 23 19
2017 11 24 07 40
2017 11 24 09 28
2017 11 24 09 51
2017 11 24 15 42
2017 11 24 23 19
2017 11 25 00 21
2017 11 25 06 27
2017 11 25 21 06
2017 11 25 21 50
2017 11 27 03 11
2017 11 27 08 05
2017 11 27 08 10
2017 11 27 08 41
2017 11 27 19 34
2017 11 28 00 41
2017 11 28 03 47
2017 11 28 04 31
2017 11 28 09 16
2017 11 28 13 49
2017 11 28 14 55
2017 11 28 18 55
2017 12 01 00 57
2017 12 01 05 33
2017 12 01 11 00
2017 12 02 11 14
2017 12 02 20 18
2017 12 02 21 23
2017 12 03 00 39
2017 12 03 03 57
2017 12 03 15 06
2017 12 03 20 45
2017 12 03 23 01
2017 12 04 06 02
2017 12 04 10 33
2017 12 04 23 20
2017 12 05 02 09
2017 12 05 06 13
2017 12 05 08 23
2017 12 05 22 19
2017 12 06 02 11
2017 12 06 15 38
2017 12 06 20 37
2017 12 07 00 54
2017 12 07 10 02
2017 12 07 14 18
2017 12 08 18 06
2017 12 09 17 08
2017 12 09 18 49
2017 12 09 20 55
2017 12 10 03 43
2017 12 10 04 52
2017 12 10 09 58
2017 12 10 11 14
2017 12 10 14 26
2017 12 10 18 12
2017 12 11 05 59
2017 12 11 14 31
2017 12 11 15 57
2017 12 13 03 55
2017 12 13 04 32
2017 12 13 06 29
2017 12 13 06 38
2017 12 13 19 34
2017 12 14 05 12
2017 12 14 08 33
2017 12 14 13 19
2017 12 14 16 48
2017 12 15 04 51
2017 12 15 19 22
2017 12 15 20 39
2017 12 16 11 08
2017 12 16 18 14
2017 12 16 18 29
2017 12 17 06 29
2017 12 17 14 54
2017 12 17 16 53
2017 12 17 17 01
2017 12 18 11 13
2017 12 18 19 59
2017 12 18 21 24
2017 12 19 04 48
2017 12 19 07 40
2017 12 19 10 51
2017 12 19 17 59
2017 12 19 20 49
2017 12 20 23 08
2017 12 21 05 48
2017 12 21 10 06
2017 12 21 12 42
2017 12 21 17 54
2017 12 22 06 55
2017 12 22 08 41
2017 12 22 18 56
2017 12 22 20 19
2017 12 22 22 17
2017 12 23 20 45
2017 12 24 12 15
2017 12 24 18 00
2017 12 24 19 12
2017 12 25 04 28
2017 12 25 09 35
2017 12 25 13 52
2017 12 25 14 30
2017 12 25 23 29
2017 12 26 03 22
2017 12 26 03 45
2017 12 26 18 36
2017 12 26 21 22
2017 12 26 22 14
2017 12 26 22 24
2017 12 26 23 15
2017 12 27 00 02
2017 12 27 02 06
2017 12 27 07 15
2017 12 27 19 48
2017 12 27 20 58
2017 12 28 03 57
2017 12 28 13 17
2017 12 28 14 17
2017 12 28 21 41
2018 01 01 03 04
2018 01 01 03 07
2018 01 01 07 18
2018 01 01 08 31
2018 01 01 17 26
2018 01 02 04 54
2018 01 02 06 19
2018 01 02 09 10
2018 01 02 11 43
2018 01 02 12 48
2018 01 02 15 50
2018 01 02 18 55
2018 01 02 20 38
2018 01 03 15 04
2018 01 03 22 34
2018 01 05 10 38
2018 01 05 14 52
2018 01 05 20 11
2018 01 06 02 13
2018 01 06 05 12
2018 01 07 23 12
2018 01 08 01 39
2018 01 08 10 56
2018 01 08 21 46
2018 01 08 22 54
2018 01 09 09 31
2018 01 09 13 24
2018 01 09 20 19
2018 01 10 12 53
2018 01 10 20 02
2018 01 11 18 39
2018 01 11 20 08
2018 01 11 22 52
2018 01 11 23 10
2018 01 11 23 10
2018 01 12 05 06
2018 01 13 00 01
2018 01 13 15 20
2018 01 14 10 00
2018 01 14 14 18
2018 01 14 17 36
2018 01 14 18 53
2018 01 15 14 49
2018 01 15 15 00
2018 01 15 20 07
2018 01 16 11 26
2018 01 16 15 48
2018 01 16 21 44
2018 01 18 03 39
2018 01 18 09 21
2018 01 18 14 49
2018 01 18 19 57
2018 01 18 20 05
2018 01 18 20 13
2018 01 19 05 08
2018 01 19 20 21
2018 01 20 06 53
2018 01 20 15 03
2018 01 20 22 49
2018 01 21 02 52
2018 01 21 15 12
2018 01 22 03 47
2018 01 22 19 10
2018 01 23 17 26
2018 01 23 23 02
2018 01 24 03 55
2018 01 24 04 47
2018 01 24 06 11
2018 01 24 10 55
2018 01 24 11 29
2018 01 24 19 54
2018 01 25 15 10
2018 01 26 03 29
2018 01 26 06 36
2018 01 26 21 32
2018 01 27 07 16
2018 01 27 09 26
2018 01 27 11 57
2018 01 27 22 56
2018 01 27 22 58
2018 01 28 01 32
2018 01 28 02 10
2018 01 28 19 10
2018 01 28 22 34
2018 02 01 04 22
2018 02 01 10 25
2018 02 02 01 25
2018 02 03 07 36
2018 02 03 12 33
2018 02 03 17 17
2018 02 03 19 00
2018 02 03 23 04
2018 02 04 01 45
2018 02 04 03 28
2018 02 04 05 00
2018 02 04 13 09
2018 02 04 13 23
2018 02 04 23 02
2018 02 05 11 16
2018 02 05 22 23
2018 02 06 21 24
2018 02 07 02 14
2018 02 07 06 17
2018 02 07 19 47
2018 02 08 06 56
2018 02 08 12 18
2018 02 08 13 52
2018 02 08 15 46
2018 02 08 16 41
2018 02 09 00 58
2018 02 09 01 02
2018 02 09 21 35
2018 02 10 21 57
2018 02 11 00 57
2018 02 11 04 23
2018 02 11 21 01
2018 02 12 19 15
2018 02 12 23 58
2018 02 14 04 36
2018 02 14 10 31
2018 02 14 14 03
2018 02 14 15 48
2018 02 15 07 26
2018 02 15 09 24
2018 02 15 13 16
2018 02 15 14 31
2018 02 16 06 32
2018 02 16 06 35
2018 02 16 08 00
2018 02 16 12 52
2018 02 16 15 22
2018 02 16 19 23
2018 02 16 21 18
2018 02 17 01 50
2018 02 17 02 38
2018 02 17 06 44
2018 02 17 19 58
2018 02 17 23 00
2018 02 19 02 35
2018 02 19 03 00
2018 02 19 03 29
2018 02 19 03 58
2018 02 19 06 14
2018 02 19 09 55
2018 02 19 10 34
2018 02 19 14 24
2018 02 19 15 52
2018 02 20 03 00
2018 02 20 04 15
2018 02 20 13 12
2018 02 21 00 11
2018 02 21 08 08
2018 02 21 10 50
2018 02 22 01 07
2018 02 22 01 34
2018 02 22 09 15
2018 02 22 10 10
2018 02 22 17 47
2018 02 23 03 15
2018 02 24 02 38
2018 02 24 06 10
2018 02 24 08 38
2018 02 24 21 16
2018 02 25 00 02
2018 02 25 04 23
2018 02 25 07 12
2018 02 25 09 30
2018 02 25 16 22
2018 02 26 04 23
2018 02 26 16 49
2018 02 26 16 58
2018 02 26 22 31
2018 02 27 04 30
2018 02 27 08 50
2018 02 27 21 24
2018 02 27 23 09
2018 02 28 01 42
2018 02 28 02 43
2018 02 28 15 51
2018 02 28 21 09
2018 02 28 22 25
2018 03 01 22 03
2018 03 01 23 10
2018 03 02 06 17
2018 03 03 13 44
2018 03 03 17 10
2018 03 04 04 11
2018 03 04 21 35
2018 03 05 12 35
2018 03 05 22 42
2018 03 05 23 54
2018 03 06 07 33
2018 03 06 16 55
2018 03 07 16 51
2018 03 07 19 11
2018 03 08 08 55
2018 03 08 09 27
2018 03 09 12 54
2018 03 09 20 52
2018 03 10 06 01
2018 03 10 09 53
2018 03 10 21 18
2018 03 11 11 19
2018 03 11 19 37
2018 03 11 20 07
2018 03 12 02 49
2018 03 14 22 27
2018 03 15 03 37
2018 03 15 10 04
2018 03 15 18 37
2018 03 15 20 12
2018 03 15 22 35
2018 03 15 22 40
2018 03 16 02 03
2018 03 16 02 33
2018 03 17 00 41
2018 03 17 10 00
2018 03 17 17 54
2018 03 18 06 31
2018 03 18 08 13
2018 03 18 09 56
2018 03 18 15 16
2018 03 18 22 24
2018 03 19 00 30
2018 03 19 07 48
2018 03 19 14 03
2018 03 20 02 34
2018 03 20 10 41
2018 03 20 19 07
2018 03 21 10 11
2018 03 21 18 25
2018 03 22 01 13
2018 03 22 08 38
2018 03 22 10 45
2018 03 23 16 37
2018 03 23 23 29
2018 03 24 02 04
2018 03 24 04 48
2018 03 24 05 29
2018 03 24 16 45
2018 03 25 06 13
2018 03 25 12 39
2018 03 25 14 35
2018 03 25 15 30
2018 03 26 00 02
2018 03 26 00 16
2018 03 26 04 43
2018 03 26 05 34
2018 03 26 10 18
2018 03 26 11 49
2018 03 26 12 37
2018 03 26 19 44
2018 03 27 01 49
2018 03 27 09 15
2018 03 27 19 05
2018 03 27 20 24
2018 03 28 02 25
2018 03 28 09 12
2018 03 28 16 28
2018 04 01 05 02
2018 04 01 05 33
2018 04 01 10 40
2018 04 01 18 58
2018 04 01 20 29
2018 04 02 04 10
2018 04 02 04 56
2018 04 02 06 18
2018 04 02 08 42
2018 04 02 21 21
2018 04 03 00 04
2018 04 03 01 01
2018 04 03 14 27
2018 04 04 12 17
2018 04 04 12 43
2018 04 05 06 34
2018 04 05 17 56
2018 04 05 17 58
2018 04 06 01 20
2018 04 06 02 11
2018 04 06 07 59
2018 04 06 09 36
2018 04 06 14 40
2018 04 07 01 05
2018 04 07 15 38
2018 04 08 10 22
2018 04 09 02 34
2018 04 09 04 38
2018 04 09 15 01
2018 04 09 17 50
2018 04 09 19 41
2018 04 10 00 48
2018 04 10 02 52
2018 04 10 12 40
2018 04 10 13 17
2018 04 10 14 20
2018 04 11 00 21
2018 04 11 10 24
2018 04 11 12 39
2018 04 12 09 31
2018 04 12 15 15
2018 04 12 20 17
2018 04 12 22 08
2018 04 13 01 42
2018 04 13 11 11
2018 04 13 16 02
2018 04 13 18 37
2018 04 14 07 43
2018 04 14 18 58
2018 04 14 19 51
2018 04 14 21 19
2018 04 15 19 36
2018 04 15 20 11
2018 04 16 10 07
2018 04 16 14 25
2018 04 16 22 50
2018 04 16 23 35
2018 04 17 10 41
2018 04 17 11 06
2018 04 17 15 54
2018 04 17 23 03
2018 04 18 09 57
2018 04 18 10 40
2018 04 18 13 15
2018 04 20 04 26
2018 04 20 10 00
2018 04 21 16 50
2018 04 21 19 42
2018 04 22 08 42
2018 04 22 15 05
2018 04 22 20 40
2018 04 22 20 48
2018 04 22 23 14
2018 04 23 14 54
2018 04 24 01 17
2018 04 24 10 30
2018 04 24 13 51
2018 04 25 00 32
2018 04 25 03 36
2018 04 25 10 24
2018 04 25 14 52
2018 04 25 18 17
2018 04 26 06 14
2018 04 26 11 46
2018 04 26 16 46
2018 04 26 22 56
2018 04 27 04 39
2018 04 27 12 51
2018 04 27 14 45
2018 04 27 16 47
2018 04 27 17 39
2018 04 27 17 41
2018 04 27 18 23
2018 04 28 22 50
2018 05 01 00 26
2018 05 01 17 11
2018 05 02 00 53
2018 05 02 08 56
2018 05 02 10 45
2018 05 02 16 24
2018 05 02 20 06
2018 05 02 20 41
2018 05 03 01 50
2018 05 03 03 04
2018 05 03 10 54
2018 05 03 19 26
2018 05 04 01 41
2018 05 04 18 37
2018 05 04 23 01
2018 05 05 02 24
2018 05 06 20 26
2018 05 06 22 48
2018 05 06 22 52
2018 05 07 05 47
2018 05 07 09 51
2018 05 07 18 02
2018 05 07 18 23
2018 05 07 20 45
2018 05 08 11 06
2018 05 08 11 53
2018 05 08 15 09
2018 05 08 20 09
2018 05 09 04 33
2018 05 09 15 33
2018 05 09 20 13
2018 05 10 01 22
2018 05 11 19 02
2018 05 11 19 47
2018 05 12 09 42
2018 05 12 10 59
2018 05 12 18 07
2018 05 12 21 58
2018 05 12 22 27
2018 05 13 02 27
2018 05 13 22 10
2018 05 14 10 06
2018 05 14 11 54
2018 05 15 06 06
2018 05 15 08 03
2018 05 15 09 50
2018 05 15 16 35
2018 05 15 20 33
2018 05 16 07 18
2018 05 16 16 07
2018 05 17 03 29
2018 05 17 11 11
2018 05 18 11 37
2018 05 18 16 39
2018 05 19 16 58
2018 05 21 05 21
2018 05 21 11 01
2018 05 21 11 09
2018 05 21 23 31
2018 05 22 09 27
2018 05 22 10 27
2018 05 22 11 04
2018 05 23 05 46
2018 05 23 11 53
2018 05 24 04 49
2018 05 24 09 19
2018 05 24 22 18
2018 05 24 23 00
2018 05 25 04 13
2018 05 25 05 59
2018 05 25 07 59
2018 05 25 10 37
2018 05 25 10 51
2018 05 25 13 11
2018 05 25 13 40
2018 05 25 18 27
2018 05 25 23 59
2018 05 26 00 56
2018 05 26 00 59
2018 05 27 09 54
2018 05 27 13 16
2018 05 28 05 34
2018 05 28 15 34
2018 05 28 22 04
2018 06 01 00 55
2018 06 01 01 46
2018 06 01 06 49
2018 06 01 10 24
2018 06 01 16 24
2018 06 01 21 56
2018 06 02 05 30
2018 06 02 09 47
2018 06 02 12 53
2018 06 03 01 59
2018 06 03 07 39
2018 06 04 05 52
2018 06 04 10 46
2018 06 04 23 51
2018 06 05 03 48
2018 06 05 06 14
2018 06 05 07 40
2018 06 05 14 20
2018 06 05 17 00
2018 06 05 20 17
2018 06 05 20 46
2018 06 05 23 15
2018 06 05 23 19
2018 06 05 23 30
2018 06 06 06 10
2018 06 06 06 18
2018 06 06 08 30
2018 06 06 14 40
2018 06 06 17 08
2018 06 06 18 27
2018 06 06 19 23
2018 06 07 01 08
2018 06 07 02 50
2018 06 07 21 19
2018 06 07 22 08
2018 06 08 00 05
2018 06 08 13 09
2018 06 09 13 27
2018 06 10 02 18
2018 06 10 02 27
2018 06 10 03 10
2018 06 10 17 03
2018 06 11 09 35
2018 06 11 16 03
2018 06 12 15 11
2018 06 13 05 17
2018 06 13 08 09
2018 06 13 10 40
2018 06 13 19 06
2018 06 14 07 48
2018 06 14 11 07
2018 06 14 13 02
2018 06 14 16 06
2018 06 15 04 27
2018 06 15 05 36
2018 06 15 08 02
2018 06 15 18 36
2018 06 17 07 05
2018 06 17 13 49
2018 06 17 17 11
2018 06 17 17 56
2018 06 17 23 47
2018 06 18 04 00
2018 06 19 21 25
2018 06 20 06 12
2018 06 20 08 29
2018 06 20 08 30
2018 06 20 12 33
2018 06 20 15 07
2018 06 21 03 30
2018 06 21 10 44
2018 06 21 15 38
2018 06 21 23 53
2018 06 22 17 18
2018 06 22 19 26
2018 06 23 05 46
2018 06 24 02 43
2018 06 24 03 25
2018 06 25 01 00
2018 06 25 14 43
2018 06 26 09 14
2018 06 27 08 46
2018 06 27 14 53
2018 07 01 04 49
2018 07 01 10 50
2018 07 01 19 49
2018 07 01 21 08
2018 07 02 00 28
2018 07 02 04 23
2018 07 02 04 43
2018 07 02 05 18
2018 07 02 15 27
2018 07 02 19 44
2018 07 02 22 40
2018 07 03 03 25
2018 07 03 17 38
2018 07 03 18 57
2018 07 04 01 55
2018 07 04 12 30
2018 07 04 21 30
2018 07 05 02 22
2018 07 05 07 15
2018 07 05 08 41
2018 07 06 02 43
2018 07 06 06 17
2018 07 07 08 00
2018 07 08 13 17
2018 07 08 14 15
2018 07 08 16 30
2018 07 09 01 57
2018 07 09 12 25
2018 07 09 17 40
2018 07 09 21 58
2018 07 10 06 17
2018 07 10 19 50
2018 07 11 00 43
2018 07 11 20 55
2018 07 12 03 20
2018 07 12 10 46
2018 07 13 01 32
2018 07 13 05 49
2018 07 13 06 11
2018 07 14 01 39
2018 07 14 16 24
2018 07 15 04 13
2018 07 15 05 16
2018 07 15 09 53
2018 07 15 20 59
2018 07 16 05 02
2018 07 17 00 49
2018 07 17 04 41
2018 07 17 05 12
2018 07 18 07 27
2018 07 18 12 46
2018 07 19 01 48
2018 07 19 03 23
2018 07 19 11 35
2018 07 20 07 09
2018 07 20 09 23
2018 07 20 14 02
2018 07 20 23 54
2018 07 21 10 12
2018 07 22 05 44
2018 07 22 10 44
2018 07 22 11 20
2018 07 22 18 38
2018 07 22 22 09
2018 07 23 00 02
2018 07 23 22 54
2018 07 24 23 44
2018 07 25 09 30
2018 07 25 12 14
2018 07 25 19 16
2018 07 26 11 43
2018 07 26 13 00
2018 07 27 13 37
2018 07 27 19 16
2018 07 28 06 51
2018 07 28 19 56
2018 08 01 08 03
2018 08 01 11 22
2018 08 02 05 53
2018 08 02 08 58
2018 08 02 19 39
2018 08 03 04 06
2018 08 03 04 10
2018 08 03 09 37
2018 08 04 09 25
2018 08 05 03 08
2018 08 05 10 54
2018 08 05 21 22
2018 08 06 06 39
2018 08 06 12 47
2018 08 06 16 28
2018 08 06 20 26
2018 08 06 22 30
2018 08 07 11 45
2018 08 09 03 07
2018 08 09 07 24
2018 08 09 09 29
2018 08 09 15 06
2018 08 09 20 27
2018 08 10 02 07
2018 08 10 08 57
2018 08 10 09 31
2018 08 10 10 59
2018 08 10 16 57
2018 08 10 22 25
2018 08 11 04 01
2018 08 11 07 22
2018 08 11 12 57
2018 08 11 18 11
2018 08 12 05 05
2018 08 12 08 37
2018 08 12 12 55
2018 08 12 20 41
2018 08 12 22 11
2018 08 13 00 18
2018 08 13 13 09
2018 08 13 22 33
2018 08 14 09 45
2018 08 14 10 03
2018 08 14 11 33
2018 08 14 14 22
2018 08 15 04 07
2018 08 15 08 12
2018 08 15 11 40
2018 08 15 13 38
2018 08 15 23 06
2018 08 16 12 27
2018 08 17 05 15
2018 08 17 23 56
2018 08 18 12 29
2018 08 18 13 07
2018 08 18 19 17
2018 08 18 20 02
2018 08 19 10 33
2018 08 20 01 32
2018 08 20 05 15
2018 08 20 05 19
2018 08 20 05 34
2018 08 20 18 14
2018 08 20 22 34
2018 08 21 22 47
2018 08 23 11 31
2018 08 23 14 52
2018 08 24 05 07
2018 08 24 06 37
2018 08 25 00 23
2018 08 25 22 50
2018 08 26 00 41
2018 08 26 07 01
2018 08 26 10 41
2018 08 26 20 46
2018 08 26 21 08
2018 08 27 08 34
2018 08 27 12 00
2018 08 27 17 13
2018 08 27 23 44
2018 08 28 02 56
2018 08 28 14 54
2018 09 01 01 48
2018 09 01 05 04
2018 09 01 17 38
2018 09 02 04 13
2018 09 02 09 31
2018 09 02 10 39
2018 09 02 12 46
2018 09 02 15 06
2018 09 02 21 49
2018 09 03 00 24
2018 09 03 19 31
2018 09 04 04 50
2018 09 04 11 00
2018 09 04 17 24
2018 09 04 18 58
2018 09 05 01 11
2018 09 05 12 49
2018 09 06 11 10
2018 09 06 17 48
2018 09 07 12 28
2018 09 07 16 01
2018 09 07 16 35
2018 09 07 17 18
2018 09 07 20 14
2018 09 07 20 29
2018 09 08 02 14
2018 09 08 02 18
2018 09 08 03 33
2018 09 08 13 41
2018 09 08 19 11
2018 09 08 23 40
2018 09 09 02 00
2018 09 09 04 50
2018 09 09 05 35
2018 09 09 07 05
2018 09 09 10 02
2018 09 09 10 39
2018 09 10 03 10
2018 09 10 04 18
2018 09 11 08 48
2018 09 11 16 50
2018 09 11 23 52
2018 09 12 18 40
2018 09 13 11 45
2018 09 13 13 25
2018 09 13 17 39
2018 09 14 07 15
2018 09 14 09 28
2018 09 15 06 23
2018 09 15 06 53
2018 09 15 16 43
2018 09 15 19 45
2018 09 15 22 13
2018 09 16 01 05
2018 09 16 10 28
2018 09 17 14 45
2018 09 18 01 05
2018 09 18 04 10
2018 09 18 10 31
2018 09 18 15 27
2018 09 18 17 22
2018 09 18 18 29
2018 09 19 04 51
2018 09 19 14 43
2018 09 20 01 04
2018 09 21 22 54
2018 09 22 08 14
2018 09 22 19 01
2018 09 23 01 51
2018 09 23 05 12
2018 09 24 06 18
2018 09 24 13 14
2018 09 24 21 33
2018 09 25 19 35
2018 09 26 08 21
2018 09 26 15 28
2018 09 26 21 51
2018 09 27 00 24
2018 09 27 02 39
2018 09 27 09 58
2018 09 27 12 26
2018 09 27 16 17
2018 09 28 07 24
2018 09 28 11 17
2018 09 28 19 49
2018 10 01 11 34
2018 10 01 17 56
2018 10 01 19 57
2018 10 02 10 43
2018 10 02 18 26
2018 10 02 21 41
2018 10 03 01 06
2018 10 03 10 25
2018 10 04 03 47
2018 10 04 13 17
2018 10 05 21 53
2018 10 05 22 01
2018 10 05 22 59
2018 10 06 01 26
2018 10 06 10 44
2018 10 07 07 18
2018 10 07 07 59
2018 10 07 10 06
2018 10 07 17 16
2018 10 08 03 08
2018 10 10 23 49
2018 10 11 02 50
2018 10 11 18 02
2018 10 11 19 57
2018 10 12 07 16
2018 10 12 22 55
2018 10 13 12 17
2018 10 13 19 05
2018 10 14 00 00
2018 10 14 03 15
2018 10 14 03 27
2018 10 14 12 51
2018 10 14 15 35
2018 10 14 17 03
2018 10 15 03 44
2018 10 15 08 49
2018 10 15 15 39
2018 10 15 22 26
2018 10 16 10 17
2018 10 16 15 00
2018 10 16 23 26
2018 10 17 14 43
2018 10 17 22 41
2018 10 18 11 20
2018 10 18 11 29
2018 10 19 14 33
2018 10 19 16 22
2018 10 20 12 44
2018 10 21 01 34
2018 10 21 04 27
2018 10 21 08 07
2018 10 21 11 46
2018 10 21 15 20
2018 10 21 20 33
2018 10 22 17 32
2018 10 22 18 31
2018 10 22 19 08
2018 10 23 06 16
2018 10 23 19 40
2018 10 24 14 45
2018 10 25 17 01
2018 10 26 07 15
2018 10 26 10 56
2018 10 26 15 54
2018 10 26 22 54
2018 10 27 05 29
2018 10 27 06 32
2018 10 27 14 32
2018 10 27 14 53
2018 10 28 00 08
2018 11 01 16 49
2018 11 01 17 55
2018 11 02 00 50
2018 11 02 02 09
2018 11 02 03 50
2018 11 02 18 36
2018 11 02 19 32
2018 11 02 20 27
2018 11 02 21 36
2018 11 02 21 51
2018 11 02 22 17
2018 11 03 03 03
2018 11 03 22 37
2018 11 04 00 15
2018 11 04 12 31
2018 11 04 15 53
2018 11 05 06 23
2018 11 05 18 58
2018 11 06 08 09
2018 11 06 14 21
2018 11 06 15 19
2018 11 07 09 16
2018 11 07 11 33
2018 11 07 11 54
2018 11 07 22 25
2018 11 08 16 55
2018 11 10 01 33
2018 11 10 05 48
2018 11 10 23 24
2018 11 11 16 41
2018 11 12 14 22
2018 11 13 12 31
2018 11 14 15 50
2018 11 15 03 49
2018 11 15 13 59
2018 11 16 07 57
2018 11 16 09 53
2018 11 16 18 34
2018 11 16 19 34
2018 11 17 19 46
2018 11 18 10 04
2018 11 18 20 11
2018 11 18 21 28
2018 11 19 11 21
2018 11 19 11 55
2018 11 19 14 57
2018 11 19 18 28
2018 11 20 06 01
2018 11 20 18 53
2018 11 21 07 35
2018 11 21 13 21
2018 11 21 19 03
2018 11 21 19 40
2018 11 22 12 16
2018 11 22 15 03
2018 11 22 23 07
2018 11 22 23 15
2018 11 23 07 33
2018 11 23 08 44
2018 11 23 19 19
2018 11 24 05 10
2018 11 24 19 21
2018 11 25 00 05
2018 11 25 03 22
2018 11 25 03 26
2018 11 25 11 33
2018 11 25 18 59
2018 11 26 09 51
2018 11 26 13 16
2018 11 26 19 25
2018 11 27 08 48
2018 11 27 20 28
2018 11 28 03 11
2018 11 28 21 54
2018 12 01 04 45
2018 12 01 11 00
2018 12 01 15 42
2018 12 01 19 42
2018 12 01 22 17
2018 12 02 15 53
2018 12 02 19 31
2018 12 03 02 52
2018 12 03 04 22
2018 12 03 06 03
2018 12 03 22 36
2018 12 04 09 47
2018 12 04 16 24
2018 12 06 09 38
2018 12 06 12 29
2018 12 07 03 41
2018 12 07 23 17
2018 12 08 04 36
2018 12 08 11 18
2018 12 08 20 11
2018 12 08 21 24
2018 12 09 02 00
2018 12 09 03 07
2018 12 09 23 12
2018 12 10 20 37
2018 12 11 10 20
2018 12 11 17 32
2018 12 11 19 46
2018 12 12 00 54
2018 12 12 01 55
2018 12 13 01 50
2018 12 13 08 59
2018 12 14 01 09
2018 12 14 02 32
2018 12 14 06 48
2018 12 15 09 16
2018 12 15 11 05
2018 12 15 11 25
2018 12 16 01 37
2018 12 16 03 41
2018 12 16 05 31
2018 12 16 21 20
2018 12 17 02 38
2018 12 17 03 02
2018 12 17 03 50
2018 12 17 04 42
2018 12 17 20 03
2018 12 18 04 01
2018 12 18 13 39
2018 12 19 01 52
2018 12 19 16 34
2018 12 19 19 51
2018 12 19 22 04
2018 12 19 23 49
2018 12 20 00 52
2018 12 20 06 40
2018 12 20 08 18
2018 12 20 08 41
2018 12 20 10 02
2018 12 20 14 00
2018 12 20 16 06
2018 12 21 11 02
2018 12 22 06 49
2018 12 22 08 29
2018 12 23 05 35
2018 12 24 12 07
2018 12 24 14 35
2018 12 24 21 18
2018 12 25 05 45
2018 12 25 23 45
2018 12 26 01 43
2018 12 26 05 07
2018 12 27 07 32
2018 12 27 11 17
2018 12 27 18 32
2018 12 28 09 23
2018 12 28 10 42
2018 12 28 14 05
