2014 01 01 09 09
2014 01 02 02 42
2014 01 02 03 03
2014 01 02 05 42
2014 01 03 07 07
2014 01 04 04 51
2014 01 04 05 44
2014 01 04 09 39
2014 01 04 12 11
2014 01 04 20 41
2014 01 04 22 01
2014 01 05 01 57
2014 01 05 06 20
2014 01 05 10 53
2014 01 05 19 56
2014 01 06 01 33
2014 01 06 06 14
2014 01 06 07 17
2014 01 06 14 06
2014 01 06 14 43
2014 01 06 18 49
2014 01 07 03 35
2014 01 07 07 22
2014 01 07 23 43
2014 01 08 09 05
2014 01 08 16 28
2014 01 08 21 05
2014 01 08 21 23
2014 01 08 23 55
2014 01 09 01 00
2014 01 09 03 54
2014 01 09 07 40
2014 01 09 15 19
2014 01 09 16 10
2014 01 10 05 12
2014 01 10 07 15
2014 01 10 07 42
2014 01 10 12 06
2014 01 10 12 31
2014 01 10 14 43
2014 01 11 10 59
2014 01 11 16 06
2014 01 12 07 02
2014 01 12 10 03
2014 01 12 22 16
2014 01 13 17 24
2014 01 13 23 53
2014 01 14 06 55
2014 01 14 09 34
2014 01 14 10 39
2014 01 14 18 36
2014 01 14 23 41
2014 01 15 00 30
2014 01 16 04 28
2014 01 16 14 19
2014 01 16 15 44
2014 01 16 18 59
2014 01 16 21 01
2014 01 16 22 49
2014 01 17 00 09
2014 01 17 08 11
2014 01 17 11 17
2014 01 17 13 44
2014 01 17 21 36
2014 01 18 01 24
2014 01 18 01 32
2014 01 18 08 37
2014 01 18 09 52
2014 01 18 10 07
2014 01 18 14 15
2014 01 19 19 45
2014 01 20 00 12
2014 01 20 13 30
2014 01 21 12 05
2014 01 21 15 03
2014 01 21 15 09
2014 01 22 05 00
2014 01 22 14 39
2014 01 22 17 27
2014 01 23 09 05
2014 01 23 10 53
2014 01 25 06 01
2014 01 25 15 35
2014 01 25 18 28
2014 01 25 21 35
2014 01 26 02 20
2014 01 26 17 14
2014 01 26 21 07
2014 01 27 23 45
2014 01 28 10 46
2014 01 28 13 59
2014 01 28 19 52
2014 01 28 20 24
2014 02 01 08 40
2014 02 02 06 16
2014 02 02 09 40
2014 02 02 16 15
2014 02 02 20 32
2014 02 03 00 17
2014 02 03 02 59
2014 02 03 06 51
2014 02 04 05 41
2014 02 04 21 40
2014 02 04 23 50
2014 02 05 04 15
2014 02 05 22 07
2014 02 06 00 07
2014 02 06 02 27
2014 02 06 08 21
2014 02 06 12 19
2014 02 06 16 56
2014 02 06 19 18
2014 02 07 04 46
2014 02 07 13 53
2014 02 07 14 07
2014 02 07 19 28
2014 02 08 09 24
2014 02 08 11 31
2014 02 08 20 38
2014 02 09 01 06
2014 02 09 04 13
2014 02 09 04 40
2014 02 09 09 53
2014 02 09 19 27
2014 02 10 08 17
2014 02 11 03 07
2014 02 11 07 07
2014 02 12 04 00
2014 02 12 15 03
2014 02 13 09 14
2014 02 13 10 22
2014 02 13 15 29
2014 02 13 23 18
2014 02 14 19 25
2014 02 15 03 01
2014 02 15 12 50
2014 02 15 14 07
2014 02 16 08 40
2014 02 16 14 07
2014 02 17 02 16
2014 02 17 02 51
2014 02 17 02 54
2014 02 17 04 22
2014 02 17 05 24
2014 02 17 11 36
2014 02 17 16 34
2014 02 17 20 47
2014 02 18 05 05
2014 02 18 16 44
2014 02 18 19 46
2014 02 19 06 18
2014 02 19 12 59
2014 02 19 17 43
2014 02 19 23 35
2014 02 20 05 39
2014 02 20 13 29
2014 02 20 19 56
2014 02 20 21 36
2014 02 20 21 47
2014 02 21 18 22
2014 02 21 18 26
2014 02 22 03 47
2014 02 22 08 19
2014 02 22 11 23
2014 02 23 02 28
2014 02 23 03 06
2014 02 23 06 56
2014 02 23 10 56
2014 02 23 15 04
2014 02 24 02 42
2014 02 24 16 24
2014 02 24 22 52
2014 02 25 00 19
2014 02 25 03 14
2014 02 25 08 48
2014 02 25 15 04
2014 02 25 20 20
2014 02 25 23 26
2014 02 26 07 29
2014 02 26 17 11
2014 02 27 00 58
2014 02 27 16 07
2014 02 27 22 25
2014 02 28 01 03
2014 02 28 16 00
2014 02 28 16 40
2014 03 01 01 44
2014 03 01 07 12
2014 03 01 16 18
2014 03 01 18 34
2014 03 01 19 42
2014 03 01 19 48
2014 03 01 21 48
2014 03 02 03 00
2014 03 02 10 14
2014 03 03 02 25
2014 03 04 10 37
2014 03 04 11 03
2014 03 04 16 13
2014 03 04 20 33
2014 03 04 22 08
2014 03 05 01 19
2014 03 05 18 22
2014 03 06 16 37
2014 03 07 00 49
2014 03 07 08 16
2014 03 07 18 04
2014 03 07 18 23
2014 03 08 08 54
2014 03 08 21 38
2014 03 09 02 44
2014 03 09 07 03
2014 03 09 10 09
2014 03 09 23 58
2014 03 10 06 03
2014 03 10 08 31
2014 03 10 21 08
2014 03 11 15 28
2014 03 11 19 44
2014 03 11 21 35
2014 03 12 03 11
2014 03 12 05 38
2014 03 12 16 52
2014 03 12 19 13
2014 03 13 00 53
2014 03 13 11 04
2014 03 13 11 09
2014 03 13 19 21
2014 03 14 03 53
2014 03 14 12 15
2014 03 14 15 27
2014 03 14 16 28
2014 03 15 13 31
2014 03 15 15 43
2014 03 17 09 06
2014 03 17 21 49
2014 03 18 11 05
2014 03 18 17 32
2014 03 19 12 38
2014 03 20 00 02
2014 03 20 00 42
2014 03 20 01 00
2014 03 20 01 14
2014 03 20 02 52
2014 03 20 04 45
2014 03 20 15 11
2014 03 20 16 16
2014 03 20 17 51
2014 03 20 18 00
2014 03 20 21 25
2014 03 21 02 21
2014 03 21 16 55
2014 03 21 19 18
2014 03 22 01 53
2014 03 22 05 43
2014 03 22 11 09
2014 03 22 18 50
2014 03 22 22 09
2014 03 22 23 28
2014 03 23 02 41
2014 03 23 04 45
2014 03 23 14 03
2014 03 23 20 09
2014 03 25 11 34
2014 03 25 15 46
2014 03 25 17 00
2014 03 25 22 21
2014 03 25 22 36
2014 03 27 00 50
2014 03 27 07 53
2014 03 28 03 44
2014 04 01 05 06
2014 04 01 08 39
2014 04 01 14 52
2014 04 01 18 01
2014 04 01 21 16
2014 04 02 07 25
2014 04 02 09 41
2014 04 02 22 57
2014 04 02 23 26
2014 04 03 05 50
2014 04 03 08 27
2014 04 03 17 34
2014 04 04 07 18
2014 04 04 08 13
2014 04 04 11 36
2014 04 05 00 18
2014 04 06 13 25
2014 04 06 21 08
2014 04 07 05 05
2014 04 07 11 09
2014 04 07 21 02
2014 04 08 03 23
2014 04 08 13 49
2014 04 09 03 03
2014 04 09 23 11
2014 04 10 03 38
2014 04 10 11 41
2014 04 10 14 23
2014 04 10 23 30
2014 04 12 03 34
2014 04 13 04 04
2014 04 13 07 26
2014 04 13 09 01
2014 04 13 12 51
2014 04 14 06 29
2014 04 14 08 41
2014 04 14 10 19
2014 04 14 12 42
2014 04 15 02 46
2014 04 15 18 48
2014 04 15 19 21
2014 04 16 13 23
2014 04 17 09 26
2014 04 17 18 04
2014 04 17 18 08
2014 04 18 07 05
2014 04 18 21 02
2014 04 19 01 21
2014 04 19 10 44
2014 04 19 16 11
2014 04 19 17 06
2014 04 20 02 20
2014 04 20 03 44
2014 04 20 08 16
2014 04 20 19 50
2014 04 20 20 05
2014 04 21 06 42
2014 04 22 06 31
2014 04 22 15 13
2014 04 22 18 10
2014 04 22 18 50
2014 04 22 20 16
2014 04 22 23 03
2014 04 23 05 16
2014 04 23 08 33
2014 04 23 12 20
2014 04 23 14 33
2014 04 23 17 58
2014 04 24 21 02
2014 04 25 10 46
2014 04 25 17 08
2014 04 26 15 13
2014 04 26 17 33
2014 04 26 17 55
2014 04 26 21 57
2014 04 26 23 46
2014 04 27 02 10
2014 04 27 23 48
2014 04 28 02 31
2014 04 28 11 31
2014 04 28 15 21
2014 04 28 18 46
2014 04 28 19 48
2014 05 01 13 09
2014 05 02 01 11
2014 05 02 22 13
2014 05 03 01 52
2014 05 03 08 02
2014 05 04 03 19
2014 05 04 06 19
2014 05 04 06 37
2014 05 04 07 56
2014 05 04 17 01
2014 05 04 22 19
2014 05 06 06 50
2014 05 06 11 21
2014 05 06 16 38
2014 05 07 07 03
2014 05 07 10 07
2014 05 08 02 04
2014 05 08 10 15
2014 05 08 12 20
2014 05 09 04 11
2014 05 09 08 07
2014 05 10 00 29
2014 05 10 10 21
2014 05 10 23 40
2014 05 11 03 25
2014 05 11 03 52
2014 05 11 14 30
2014 05 11 17 05
2014 05 12 03 28
2014 05 12 12 55
2014 05 12 19 55
2014 05 13 02 19
2014 05 13 09 37
2014 05 13 12 13
2014 05 13 12 16
2014 05 13 19 17
2014 05 15 14 11
2014 05 15 17 57
2014 05 16 05 34
2014 05 16 05 43
2014 05 16 08 28
2014 05 16 13 46
2014 05 16 19 05
2014 05 16 20 42
2014 05 16 21 52
2014 05 17 09 17
2014 05 17 15 39
2014 05 17 16 10
2014 05 17 21 02
2014 05 18 02 25
2014 05 18 18 02
2014 05 19 04 28
2014 05 19 16 38
2014 05 20 03 59
2014 05 20 12 10
2014 05 21 03 59
2014 05 21 11 00
2014 05 21 23 50
2014 05 22 00 37
2014 05 22 02 01
2014 05 22 12 33
2014 05 22 15 13
2014 05 23 14 58
2014 05 23 23 48
2014 05 24 05 31
2014 05 24 08 34
2014 05 24 13 54
2014 05 24 21 14
2014 05 25 05 05
2014 05 25 12 19
2014 05 25 12 20
2014 05 25 13 46
2014 05 26 15 15
2014 05 26 23 49
2014 05 27 02 22
2014 05 27 08 20
2014 05 27 22 18
2014 06 02 03 48
2014 06 02 14 18
2014 06 02 18 59
2014 06 03 02 57
2014 06 03 05 17
2014 06 03 09 32
2014 06 04 17 54
2014 06 04 22 20
2014 06 05 03 27
2014 06 05 07 51
2014 06 05 09 08
2014 06 05 10 03
2014 06 05 15 20
2014 06 06 00 28
2014 06 06 01 47
2014 06 06 05 10
2014 06 06 08 18
2014 06 06 10 22
2014 06 06 12 46
2014 06 06 15 16
2014 06 06 23 44
2014 06 07 20 24
2014 06 08 00 24
2014 06 08 05 26
2014 06 08 14 09
2014 06 08 17 20
2014 06 09 10 03
2014 06 09 16 14
2014 06 09 18 41
2014 06 10 12 53
2014 06 10 18 35
2014 06 10 20 02
2014 06 11 03 45
2014 06 11 04 15
2014 06 11 10 54
2014 06 11 15 14
2014 06 12 00 15
2014 06 12 06 56
2014 06 12 08 15
2014 06 13 01 38
2014 06 14 01 23
2014 06 14 23 38
2014 06 15 03 31
2014 06 15 21 23
2014 06 15 22 21
2014 06 16 01 32
2014 06 16 11 59
2014 06 16 19 38
2014 06 17 23 06
2014 06 18 09 59
2014 06 19 01 57
2014 06 19 09 44
2014 06 20 04 21
2014 06 20 07 47
2014 06 20 19 56
2014 06 21 02 18
2014 06 21 09 33
2014 06 22 04 32
2014 06 22 06 37
2014 06 22 11 44
2014 06 22 11 56
2014 06 22 15 16
2014 06 22 15 19
2014 06 23 22 48
2014 06 24 08 07
2014 06 24 10 10
2014 06 24 14 04
2014 06 24 20 54
2014 06 25 01 21
2014 06 25 04 26
2014 06 25 07 53
2014 06 25 19 12
2014 06 25 20 03
2014 06 26 05 06
2014 06 26 06 18
2014 06 26 09 08
2014 06 26 21 55
2014 06 27 14 07
2014 06 28 03 51
2014 06 28 11 37
2014 07 01 00 06
2014 07 01 17 55
2014 07 01 19 44
2014 07 02 01 06
2014 07 02 04 42
2014 07 02 17 45
2014 07 03 08 06
2014 07 03 12 55
2014 07 03 13 33
2014 07 03 22 43
2014 07 04 04 48
2014 07 04 07 16
2014 07 05 19 59
2014 07 06 21 14
2014 07 07 05 34
2014 07 07 08 44
2014 07 07 10 08
2014 07 07 19 04
2014 07 08 13 50
2014 07 09 00 54
2014 07 09 03 51
2014 07 09 10 56
2014 07 10 01 54
2014 07 10 10 10
2014 07 11 00 37
2014 07 11 20 01
2014 07 12 08 45
2014 07 12 18 35
2014 07 13 11 45
2014 07 13 23 31
2014 07 13 23 33
2014 07 14 00 18
2014 07 14 14 27
2014 07 14 18 47
2014 07 15 10 15
2014 07 15 16 51
2014 07 15 20 21
2014 07 16 04 55
2014 07 16 12 37
2014 07 17 04 08
2014 07 17 10 22
2014 07 17 15 03
2014 07 18 12 15
2014 07 18 13 21
2014 07 19 10 03
2014 07 19 11 08
2014 07 19 20 05
2014 07 20 20 17
2014 07 21 00 36
2014 07 21 15 35
2014 07 22 03 07
2014 07 22 04 44
2014 07 22 04 59
2014 07 22 14 42
2014 07 22 21 27
2014 07 22 22 52
2014 07 23 16 52
2014 07 24 03 44
2014 07 24 04 22
2014 07 24 10 30
2014 07 24 18 04
2014 07 24 21 33
2014 07 25 05 49
2014 07 26 03 09
2014 07 26 10 33
2014 07 27 01 09
2014 07 27 04 33
2014 07 27 22 50
2014 07 28 10 39
2014 08 01 03 25
2014 08 01 23 09
2014 08 02 00 24
2014 08 02 05 44
2014 08 02 07 54
2014 08 02 15 55
2014 08 02 23 17
2014 08 03 05 40
2014 08 04 16 35
2014 08 04 18 20
2014 08 05 06 38
2014 08 05 09 58
2014 08 05 15 17
2014 08 05 19 18
2014 08 05 23 14
2014 08 06 11 04
2014 08 06 15 00
2014 08 06 17 27
2014 08 07 15 17
2014 08 07 15 23
2014 08 08 16 49
2014 08 08 18 43
2014 08 08 19 34
2014 08 09 04 22
2014 08 09 14 12
2014 08 09 18 13
2014 08 10 17 54
2014 08 10 22 07
2014 08 11 02 39
2014 08 11 05 12
2014 08 11 05 35
2014 08 11 08 14
2014 08 11 18 41
2014 08 11 23 19
2014 08 12 06 47
2014 08 13 13 02
2014 08 13 16 10
2014 08 14 12 24
2014 08 15 06 24
2014 08 15 08 58
2014 08 15 22 25
2014 08 16 04 21
2014 08 16 07 54
2014 08 16 12 25
2014 08 16 19 20
2014 08 17 08 43
2014 08 17 09 10
2014 08 17 10 43
2014 08 18 05 43
2014 08 18 14 39
2014 08 18 17 29
2014 08 19 00 06
2014 08 19 02 59
2014 08 19 18 37
2014 08 20 09 15
2014 08 20 17 26
2014 08 21 03 22
2014 08 21 03 34
2014 08 21 23 50
2014 08 23 10 48
2014 08 24 01 49
2014 08 24 03 21
2014 08 24 11 24
2014 08 24 18 48
2014 08 24 20 49
2014 08 24 22 25
2014 08 25 05 32
2014 08 25 08 58
2014 08 25 17 19
2014 08 25 23 22
2014 08 26 04 50
2014 08 26 13 28
2014 08 27 18 22
2014 08 28 16 07
2014 09 01 01 27
2014 09 01 06 57
2014 09 01 12 46
2014 09 02 04 24
2014 09 02 06 27
2014 09 02 14 33
2014 09 02 22 04
2014 09 03 13 08
2014 09 04 15 07
2014 09 05 00 50
2014 09 05 02 05
2014 09 05 15 24
2014 09 05 18 51
2014 09 05 21 04
2014 09 06 01 06
2014 09 06 06 03
2014 09 06 06 07
2014 09 07 02 50
2014 09 07 02 51
2014 09 07 06 32
2014 09 07 13 51
2014 09 07 14 12
2014 09 08 01 03
2014 09 09 03 20
2014 09 09 09 23
2014 09 09 13 59
2014 09 10 00 10
2014 09 10 10 24
2014 09 10 12 55
2014 09 11 19 57
2014 09 12 02 19
2014 09 12 04 20
2014 09 12 11 53
2014 09 12 13 02
2014 09 12 16 21
2014 09 12 17 24
2014 09 12 18 30
2014 09 12 20 30
2014 09 13 10 38
2014 09 13 12 03
2014 09 13 16 21
2014 09 13 19 15
2014 09 14 01 34
2014 09 14 03 04
2014 09 15 14 30
2014 09 16 09 14
2014 09 16 21 45
2014 09 17 05 34
2014 09 17 06 07
2014 09 17 17 21
2014 09 17 23 13
2014 09 18 00 49
2014 09 18 04 29
2014 09 18 07 46
2014 09 18 20 33
2014 09 18 21 36
2014 09 19 13 39
2014 09 19 19 57
2014 09 20 01 58
2014 09 20 03 57
2014 09 20 16 26
2014 09 20 23 46
2014 09 21 01 57
2014 09 21 05 05
2014 09 21 11 56
2014 09 22 00 54
2014 09 22 16 26
2014 09 22 18 00
2014 09 23 07 02
2014 09 23 08 04
2014 09 23 10 23
2014 09 23 15 35
2014 09 24 06 53
2014 09 24 13 42
2014 09 24 17 26
2014 09 25 01 48
2014 09 26 06 48
2014 09 26 13 47
2014 09 27 15 00
2014 09 27 22 32
2014 09 27 23 39
2014 09 28 02 12
2014 10 01 13 35
2014 10 01 14 39
2014 10 01 16 05
2014 10 01 17 41
2014 10 02 02 25
2014 10 02 21 30
2014 10 03 09 36
2014 10 03 13 38
2014 10 03 15 45
2014 10 04 01 51
2014 10 04 02 12
2014 10 04 15 48
2014 10 04 22 08
2014 10 04 23 49
2014 10 06 17 13
2014 10 06 22 24
2014 10 07 01 01
2014 10 08 07 00
2014 10 08 11 24
2014 10 08 12 52
2014 10 09 07 34
2014 10 10 10 57
2014 10 11 09 42
2014 10 12 03 46
2014 10 12 04 08
2014 10 12 10 12
2014 10 13 10 01
2014 10 13 13 54
2014 10 13 19 14
2014 10 14 01 28
2014 10 14 07 16
2014 10 14 07 18
2014 10 14 09 24
2014 10 14 09 42
2014 10 14 10 32
2014 10 14 11 01
2014 10 14 11 33
2014 10 14 13 03
2014 10 14 19 20
2014 10 14 19 41
2014 10 14 20 22
2014 10 15 06 36
2014 10 15 14 39
2014 10 15 17 47
2014 10 16 06 56
2014 10 16 12 13
2014 10 16 17 39
2014 10 17 02 24
2014 10 17 13 31
2014 10 17 13 34
2014 10 18 12 55
2014 10 18 15 46
2014 10 18 20 12
2014 10 18 23 56
2014 10 19 00 17
2014 10 19 04 08
2014 10 19 13 07
2014 10 19 20 29
2014 10 19 23 24
2014 10 20 21 14
2014 10 21 08 14
2014 10 21 20 00
2014 10 22 06 42
2014 10 22 23 09
2014 10 23 02 08
2014 10 23 02 13
2014 10 23 08 12
2014 10 23 18 59
2014 10 23 22 11
2014 10 24 01 01
2014 10 24 13 01
2014 10 24 20 49
2014 10 25 17 53
2014 10 25 22 14
2014 10 26 21 10
2014 10 27 04 50
2014 10 27 20 35
2014 10 28 09 35
2014 10 28 12 06
2014 10 28 17 31
2014 11 01 15 47
2014 11 01 19 36
2014 11 02 21 47
2014 11 03 08 21
2014 11 03 09 48
2014 11 03 21 25
2014 11 04 19 49
2014 11 05 05 43
2014 11 05 13 16
2014 11 05 16 45
2014 11 06 13 52
2014 11 06 18 51
2014 11 08 06 53
2014 11 08 11 13
2014 11 08 20 13
2014 11 09 06 35
2014 11 09 08 19
2014 11 09 18 33
2014 11 09 21 55
2014 11 09 23 17
2014 11 10 01 39
2014 11 10 05 15
2014 11 10 15 25
2014 11 10 17 56
2014 11 10 23 00
2014 11 11 01 45
2014 11 11 02 33
2014 11 11 04 20
2014 11 11 05 53
2014 11 11 11 45
2014 11 11 15 02
2014 11 12 11 35
2014 11 12 13 31
2014 11 12 15 49
2014 11 12 21 16
2014 11 13 03 13
2014 11 13 17 12
2014 11 13 22 29
2014 11 14 19 16
2014 11 15 04 56
2014 11 16 00 26
2014 11 16 15 04
2014 11 16 16 18
2014 11 17 20 15
2014 11 18 06 01
2014 11 18 10 28
2014 11 18 20 38
2014 11 19 11 04
2014 11 19 12 37
2014 11 20 10 46
2014 11 20 13 51
2014 11 21 01 49
2014 11 21 13 24
2014 11 22 01 47
2014 11 22 02 58
2014 11 22 04 23
2014 11 22 14 28
2014 11 22 18 48
2014 11 22 22 42
2014 11 23 10 53
2014 11 23 15 11
2014 11 23 18 14
2014 11 24 11 35
2014 11 24 16 34
2014 11 25 20 41
2014 11 25 22 26
2014 11 26 02 05
2014 11 26 07 17
2014 11 26 17 43
2014 11 26 18 26
2014 11 27 13 04
2014 11 28 04 03
2014 11 28 05 42
2014 11 28 07 17
2014 12 01 04 59
2014 12 01 05 17
2014 12 01 20 19
2014 12 01 22 01
2014 12 02 03 23
2014 12 02 09 34
2014 12 02 10 36
2014 12 02 14 36
2014 12 03 05 45
2014 12 03 06 44
2014 12 03 08 47
2014 12 03 11 49
2014 12 03 20 47
2014 12 04 17 56
2014 12 04 21 27
2014 12 05 01 16
2014 12 05 09 23
2014 12 05 11 32
2014 12 05 21 27
2014 12 06 07 25
2014 12 06 15 22
2014 12 07 14 57
2014 12 08 15 36
2014 12 09 02 03
2014 12 09 02 23
2014 12 09 10 55
2014 12 10 01 00
2014 12 10 03 38
2014 12 10 04 33
2014 12 10 04 40
2014 12 10 18 15
2014 12 11 00 40
2014 12 11 02 36
2014 12 11 06 01
2014 12 11 14 02
2014 12 11 22 16
2014 12 12 00 53
2014 12 12 09 35
2014 12 12 13 32
2014 12 13 07 38
2014 12 13 10 10
2014 12 13 13 18
2014 12 13 14 22
2014 12 13 15 10
2014 12 13 18 12
2014 12 13 19 10
2014 12 13 19 25
2014 12 13 21 32
2014 12 14 02 06
2014 12 14 06 32
2014 12 14 06 41
2014 12 14 07 45
2014 12 14 09 14
2014 12 14 10 26
2014 12 15 03 52
2014 12 15 04 44
2014 12 15 11 54
2014 12 15 17 22
2014 12 16 10 26
2014 12 16 10 48
2014 12 16 10 50
2014 12 16 22 04
2014 12 17 00 59
2014 12 17 01 00
2014 12 17 08 52
2014 12 18 00 19
2014 12 18 23 05
2014 12 19 00 38
2014 12 19 05 08
2014 12 19 06 00
2014 12 19 15 26
2014 12 19 18 49
2014 12 20 13 15
2014 12 20 23 26
2014 12 21 06 16
2014 12 22 01 03
2014 12 23 02 37
2014 12 23 07 22
2014 12 23 09 45
2014 12 23 21 25
2014 12 23 23 35
2014 12 23 23 59
2014 12 25 15 54
2014 12 26 01 49
2014 12 26 10 48
2014 12 26 13 19
2014 12 26 13 56
2014 12 26 19 20
2014 12 26 20 27
2014 12 27 10 29
2014 12 27 12 33
2014 12 27 15 53
2014 12 27 20 56
2014 12 28 00 43
2014 12 28 09 00
2014 12 28 10 31
2014 12 28 11 03
2014 12 28 12 51
2014 12 28 14 32
2014 12 28 19 12
2014 12 28 23 13
2015 01 01 04 36
2015 01 01 17 33
2015 01 02 01 14
2015 01 02 01 56
2015 01 02 10 55
2015 01 03 10 48
2015 01 03 14 24
2015 01 03 16 17
2015 01 03 20 12
2015 01 04 02 03
2015 01 04 03 37
2015 01 04 17 38
2015 01 05 07 10
2015 01 05 15 18
2015 01 05 18 21
2015 01 05 20 06
2015 01 06 02 34
2015 01 06 11 20
2015 01 06 19 34
2015 01 07 00 37
2015 01 07 07 01
2015 01 07 20 01
2015 01 08 03 02
2015 01 08 15 57
2015 01 08 15 58
2015 01 09 06 58
2015 01 09 16 39
2015 01 10 01 34
2015 01 10 22 07
2015 01 11 23 50
2015 01 12 04 57
2015 01 12 05 26
2015 01 12 05 29
2015 01 12 13 23
2015 01 13 01 49
2015 01 14 00 11
2015 01 14 03 57
2015 01 15 16 13
2015 01 15 17 19
2015 01 15 23 45
2015 01 16 10 31
2015 01 16 14 00
2015 01 16 21 18
2015 01 17 09 03
2015 01 18 04 34
2015 01 18 04 50
2015 01 18 11 03
2015 01 18 12 04
2015 01 19 02 54
2015 01 19 05 10
2015 01 19 10 12
2015 01 19 23 38
2015 01 20 06 31
2015 01 20 16 11
2015 01 20 18 20
2015 01 21 01 19
2015 01 21 07 03
2015 01 21 07 43
2015 01 21 12 09
2015 01 21 18 47
2015 01 22 01 19
2015 01 22 07 19
2015 01 22 21 15
2015 01 23 01 07
2015 01 23 05 08
2015 01 23 09 56
2015 01 23 16 13
2015 01 23 18 10
2015 01 24 00 50
2015 01 25 05 51
2015 01 25 13 58
2015 01 25 16 20
2015 01 26 09 08
2015 01 26 22 02
2015 01 26 23 52
2015 01 27 11 51
2015 01 28 08 59
2015 02 01 00 35
2015 02 01 05 45
2015 02 01 09 09
2015 02 01 14 17
2015 02 02 04 13
2015 02 02 08 30
2015 02 02 12 39
2015 02 03 03 24
2015 02 03 08 38
2015 02 03 12 26
2015 02 03 19 16
2015 02 04 03 11
2015 02 04 06 10
2015 02 04 10 30
2015 02 04 17 01
2015 02 04 18 37
2015 02 05 21 07
2015 02 06 06 54
2015 02 06 20 52
2015 02 07 02 38
2015 02 07 03 53
2015 02 07 09 35
2015 02 08 11 27
2015 02 08 23 04
2015 02 09 15 01
2015 02 10 08 21
2015 02 11 08 16
2015 02 11 08 35
2015 02 11 17 20
2015 02 12 02 26
2015 02 12 08 06
2015 02 12 09 41
2015 02 12 10 04
2015 02 12 10 41
2015 02 13 00 21
2015 02 13 06 52
2015 02 13 08 20
2015 02 13 09 15
2015 02 13 13 31
2015 02 13 17 37
2015 02 14 00 13
2015 02 14 04 56
2015 02 14 07 35
2015 02 14 12 42
2015 02 14 14 30
2015 02 15 03 17
2015 02 15 15 12
2015 02 15 22 51
2015 02 16 10 29
2015 02 16 10 39
2015 02 16 16 15
2015 02 16 17 26
2015 02 16 17 48
2015 02 17 03 58
2015 02 17 04 07
2015 02 17 10 17
2015 02 17 16 07
2015 02 17 18 23
2015 02 18 08 11
2015 02 18 17 49
2015 02 18 21 27
2015 02 19 01 16
2015 02 19 01 41
2015 02 19 06 17
2015 02 19 07 02
2015 02 19 14 50
2015 02 20 06 55
2015 02 20 14 07
2015 02 20 22 57
2015 02 21 13 48
2015 02 21 16 51
2015 02 22 00 23
2015 02 22 08 43
2015 02 22 09 59
2015 02 22 14 14
2015 02 23 00 42
2015 02 23 08 03
2015 02 23 16 08
2015 02 23 16 38
2015 02 23 19 46
2015 02 24 03 54
2015 02 24 07 44
2015 02 24 09 36
2015 02 24 12 55
2015 02 24 14 21
2015 02 24 16 13
2015 02 24 20 16
2015 02 25 02 50
2015 02 25 14 35
2015 02 25 18 46
2015 02 25 22 03
2015 02 26 19 42
2015 02 26 23 25
2015 02 27 03 02
2015 02 27 04 44
2015 02 27 20 39
2015 02 28 02 20
2015 02 28 02 43
2015 02 28 09 36
2015 02 28 11 05
2015 03 01 01 15
2015 03 01 06 35
2015 03 01 07 19
2015 03 01 13 49
2015 03 01 16 11
2015 03 01 20 31
2015 03 01 22 27
2015 03 02 12 37
2015 03 02 18 39
2015 03 03 10 11
2015 03 03 21 45
2015 03 04 01 28
2015 03 04 04 33
2015 03 04 12 29
2015 03 04 17 54
2015 03 04 18 19
2015 03 05 12 45
2015 03 05 16 12
2015 03 05 20 19
2015 03 06 07 12
2015 03 06 09 36
2015 03 07 06 25
2015 03 07 09 03
2015 03 07 15 20
2015 03 07 18 54
2015 03 08 04 41
2015 03 08 07 53
2015 03 08 13 09
2015 03 09 04 30
2015 03 09 11 26
2015 03 09 16 02
2015 03 09 18 07
2015 03 09 22 05
2015 03 10 02 57
2015 03 10 05 52
2015 03 10 08 54
2015 03 10 21 02
2015 03 11 03 26
2015 03 11 04 49
2015 03 11 07 08
2015 03 11 11 53
2015 03 11 22 29
2015 03 12 08 16
2015 03 12 10 18
2015 03 13 06 20
2015 03 13 06 45
2015 03 13 10 29
2015 03 13 22 56
2015 03 14 06 28
2015 03 14 07 07
2015 03 15 03 47
2015 03 15 04 12
2015 03 15 04 51
2015 03 15 05 22
2015 03 15 06 56
2015 03 15 16 39
2015 03 16 02 05
2015 03 17 03 07
2015 03 17 08 57
2015 03 17 09 36
2015 03 17 09 52
2015 03 17 16 45
2015 03 18 08 30
2015 03 19 05 01
2015 03 19 12 52
2015 03 19 19 16
2015 03 19 22 11
2015 03 20 23 53
2015 03 21 10 27
2015 03 21 11 44
2015 03 21 19 59
2015 03 22 00 47
2015 03 22 03 29
2015 03 22 05 37
2015 03 22 16 13
2015 03 22 21 03
2015 03 23 02 58
2015 03 23 08 16
2015 03 23 08 26
2015 03 25 01 40
2015 03 26 07 34
2015 03 26 11 09
2015 03 26 22 46
2015 03 27 02 44
2015 03 28 01 06
2015 04 01 12 14
2015 04 01 17 49
2015 04 02 08 25
2015 04 02 11 16
2015 04 02 16 22
2015 04 03 00 43
2015 04 03 01 30
2015 04 03 09 33
2015 04 03 11 32
2015 04 03 13 43
2015 04 03 15 41
2015 04 04 04 43
2015 04 04 09 24
2015 04 04 12 32
2015 04 04 21 07
2015 04 04 22 09
2015 04 05 10 25
2015 04 05 13 47
2015 04 05 20 21
2015 04 06 00 18
2015 04 06 09 18
2015 04 06 17 58
2015 04 06 20 52
2015 04 07 08 04
2015 04 07 14 25
2015 04 07 18 48
2015 04 08 04 28
2015 04 08 05 48
2015 04 08 17 37
2015 04 08 18 18
2015 04 08 20 55
2015 04 08 21 12
2015 04 08 23 17
2015 04 09 05 48
2015 04 09 12 55
2015 04 09 13 23
2015 04 09 20 46
2015 04 10 05 56
2015 04 10 09 03
2015 04 10 12 15
2015 04 10 12 23
2015 04 11 19 30
2015 04 11 22 19
2015 04 12 00 16
2015 04 12 07 10
2015 04 12 12 51
2015 04 12 16 58
2015 04 13 09 47
2015 04 13 21 10
2015 04 14 02 41
2015 04 14 21 58
2015 04 15 00 09
2015 04 15 08 35
2015 04 16 00 15
2015 04 16 05 54
2015 04 16 07 37
2015 04 16 09 07
2015 04 16 18 52
2015 04 17 05 15
2015 04 17 15 33
2015 04 17 22 50
2015 04 18 06 39
2015 04 18 18 38
2015 04 18 21 12
2015 04 19 03 45
2015 04 19 17 26
2015 04 19 23 24
2015 04 20 10 59
2015 04 20 13 54
2015 04 20 13 59
2015 04 20 14 50
2015 04 20 23 16
2015 04 21 05 52
2015 04 22 09 53
2015 04 22 17 00
2015 04 22 20 02
2015 04 23 08 10
2015 04 24 00 10
2015 04 24 01 32
2015 04 24 08 13
2015 04 24 14 16
2015 04 24 18 47
2015 04 25 15 42
2015 04 26 12 31
2015 04 26 14 33
2015 04 27 17 44
2015 04 27 21 02
2015 04 27 21 08
2015 04 28 03 35
2015 04 28 17 48
2015 04 28 18 14
2015 04 28 21 29
2015 04 28 22 06
2015 05 01 12 09
2015 05 01 18 29
2015 05 02 17 34
2015 05 03 03 53
2015 05 03 06 10
2015 05 03 10 59
2015 05 03 14 52
2015 05 04 03 03
2015 05 04 14 03
2015 05 05 02 32
2015 05 05 18 15
2015 05 06 00 45
2015 05 06 01 00
2015 05 06 04 00
2015 05 06 18 52
2015 05 06 19 48
2015 05 06 22 06
2015 05 07 08 46
2015 05 07 12 37
2015 05 07 12 40
2015 05 08 01 39
2015 05 08 07 08
2015 05 08 11 43
2015 05 08 17 16
2015 05 09 22 54
2015 05 10 17 02
2015 05 11 04 18
2015 05 11 20 09
2015 05 12 15 27
2015 05 12 23 54
2015 05 13 01 47
2015 05 14 16 52
2015 05 15 02 08
2015 05 15 14 41
2015 05 15 18 35
2015 05 15 23 44
2015 05 16 09 00
2015 05 17 08 43
2015 05 17 21 15
2015 05 18 03 50
2015 05 19 02 28
2015 05 19 09 30
2015 05 19 14 57
2015 05 20 14 10
2015 05 20 16 24
2015 05 20 17 32
2015 05 20 19 43
2015 05 20 21 24
2015 05 21 04 22
2015 05 21 05 43
2015 05 21 07 10
2015 05 22 01 38
2015 05 22 03 29
2015 05 22 09 12
2015 05 22 09 58
2015 05 22 12 42
2015 05 22 13 23
2015 05 22 16 21
2015 05 22 18 00
2015 05 22 20 29
2015 05 22 20 54
2015 05 23 01 18
2015 05 23 08 13
2015 05 23 10 08
2015 05 23 10 52
2015 05 23 12 22
2015 05 23 17 59
2015 05 23 18 45
2015 05 24 00 17
2015 05 24 09 06
2015 05 25 16 27
2015 05 26 03 49
2015 05 26 06 38
2015 05 26 11 24
2015 05 26 20 32
2015 05 27 03 38
2015 05 27 16 18
2015 05 27 17 08
2015 05 27 20 00
2015 05 28 04 37
2015 05 28 06 40
2015 05 28 12 15
2015 05 28 13 28
2015 05 28 22 22
2015 06 01 11 18
2015 06 01 23 57
2015 06 02 07 19
2015 06 02 18 25
2015 06 02 21 42
2015 06 03 02 34
2015 06 03 06 18
2015 06 03 21 11
2015 06 04 00 37
2015 06 05 06 37
2015 06 06 13 56
2015 06 06 17 13
2015 06 07 07 57
2015 06 08 00 04
2015 06 08 14 26
2015 06 09 07 24
2015 06 09 14 45
2015 06 09 16 02
2015 06 10 00 35
2015 06 10 04 26
2015 06 10 09 14
2015 06 10 12 05
2015 06 10 13 49
2015 06 10 14 56
2015 06 10 22 10
2015 06 11 21 56
2015 06 12 02 35
2015 06 12 18 49
2015 06 13 02 59
2015 06 13 08 53
2015 06 13 16 34
2015 06 13 21 57
2015 06 14 02 28
2015 06 14 14 15
2015 06 14 16 15
2015 06 15 05 35
2015 06 15 14 27
2015 06 15 23 32
2015 06 16 19 57
2015 06 17 06 01
2015 06 17 07 52
2015 06 17 11 49
2015 06 17 13 53
2015 06 17 15 02
2015 06 18 09 15
2015 06 20 05 51
2015 06 20 13 48
2015 06 20 23 16
2015 06 20 23 37
2015 06 21 01 49
2015 06 21 11 19
2015 06 21 17 56
2015 06 22 16 00
2015 06 22 16 33
2015 06 23 15 09
2015 06 24 01 39
2015 06 24 20 54
2015 06 24 21 36
2015 06 26 03 08
2015 06 26 07 39
2015 06 26 09 15
2015 06 26 20 41
2015 06 27 12 34
2015 06 27 17 28
2015 06 27 22 52
2015 06 28 21 47
2015 07 01 08 33
2015 07 01 11 47
2015 07 01 12 55
2015 07 01 14 48
2015 07 02 03 17
2015 07 02 13 20
2015 07 02 20 49
2015 07 03 01 44
2015 07 03 08 15
2015 07 03 10 52
2015 07 03 23 04
2015 07 04 02 29
2015 07 04 03 23
2015 07 05 04 22
2015 07 05 07 09
2015 07 06 08 06
2015 07 06 08 19
2015 07 06 18 11
2015 07 07 05 04
2015 07 07 11 17
2015 07 07 22 32
2015 07 08 00 38
2015 07 08 08 10
2015 07 08 18 24
2015 07 09 01 07
2015 07 09 03 26
2015 07 09 16 12
2015 07 09 16 59
2015 07 09 21 00
2015 07 10 04 52
2015 07 10 07 23
2015 07 10 12 23
2015 07 10 12 25
2015 07 10 20 42
2015 07 10 22 37
2015 07 11 09 40
2015 07 11 09 53
2015 07 11 13 36
2015 07 12 06 41
2015 07 12 14 01
2015 07 12 14 43
2015 07 12 21 07
2015 07 12 23 42
2015 07 13 10 21
2015 07 14 00 34
2015 07 14 19 14
2015 07 15 19 00
2015 07 15 21 30
2015 07 16 07 46
2015 07 16 16 57
2015 07 16 20 43
2015 07 17 07 09
2015 07 20 02 18
2015 07 20 03 48
2015 07 20 12 28
2015 07 20 22 55
2015 07 21 00 51
2015 07 21 11 32
2015 07 22 00 04
2015 07 22 05 29
2015 07 22 10 03
2015 07 22 20 23
2015 07 22 21 57
2015 07 23 05 28
2015 07 23 11 13
2015 07 23 13 14
2015 07 23 14 10
2015 07 23 19 15
2015 07 24 04 06
2015 07 25 07 52
2015 07 25 09 21
2015 07 25 09 41
2015 07 26 03 53
2015 07 26 22 23
2015 07 27 02 19
2015 07 27 04 19
2015 07 27 06 31
2015 07 28 05 52
2015 07 28 17 58
2015 08 01 17 45
2015 08 02 00 31
2015 08 03 05 48
2015 08 03 15 07
2015 08 04 01 35
2015 08 04 02 15
2015 08 04 14 54
2015 08 04 17 10
2015 08 05 01 19
2015 08 05 18 44
2015 08 05 21 30
2015 08 05 22 42
2015 08 06 06 04
2015 08 06 13 00
2015 08 06 15 14
2015 08 06 18 37
2015 08 06 20 29
2015 08 06 23 04
2015 08 06 23 16
2015 08 07 23 39
2015 08 09 07 53
2015 08 09 10 50
2015 08 10 06 31
2015 08 10 08 21
2015 08 11 00 28
2015 08 11 01 04
2015 08 11 12 52
2015 08 11 15 45
2015 08 11 21 54
2015 08 12 10 21
2015 08 12 20 36
2015 08 13 19 10
2015 08 14 10 23
2015 08 14 15 08
2015 08 14 15 36
2015 08 15 03 04
2015 08 16 05 43
2015 08 16 12 02
2015 08 16 15 17
2015 08 17 13 32
2015 08 17 18 05
2015 08 17 18 12
2015 08 17 21 43
2015 08 17 23 30
2015 08 18 23 57
2015 08 20 11 07
2015 08 20 14 58
2015 08 20 16 57
2015 08 20 23 00
2015 08 21 00 31
2015 08 21 00 33
2015 08 21 03 28
2015 08 21 23 29
2015 08 22 01 03
2015 08 22 06 16
2015 08 22 06 21
2015 08 22 23 08
2015 08 23 00 08
2015 08 23 09 44
2015 08 23 11 36
2015 08 24 17 40
2015 08 25 01 29
2015 08 25 02 35
2015 08 25 03 09
2015 08 26 19 41
2015 08 26 23 10
2015 08 26 23 14
2015 08 27 00 31
2015 08 27 05 52
2015 08 27 07 48
2015 08 27 14 58
2015 08 27 19 03
2015 08 28 02 41
2015 08 28 07 11
2015 08 28 07 28
2015 08 28 13 09
2015 09 01 02 09
2015 09 01 06 17
2015 09 01 15 14
2015 09 01 19 29
2015 09 02 10 04
2015 09 02 10 20
2015 09 02 21 28
2015 09 03 08 50
2015 09 03 15 08
2015 09 04 18 23
2015 09 05 16 32
2015 09 05 20 49
2015 09 06 11 02
2015 09 07 00 27
2015 09 07 02 11
2015 09 07 02 56
2015 09 07 05 49
2015 09 07 17 37
2015 09 08 12 34
2015 09 09 00 18
2015 09 09 02 58
2015 09 09 23 56
2015 09 10 03 00
2015 09 10 10 47
2015 09 10 23 54
2015 09 11 08 10
2015 09 11 10 41
2015 09 11 19 03
2015 09 11 20 39
2015 09 11 22 09
2015 09 12 06 02
2015 09 12 07 44
2015 09 12 10 46
2015 09 15 03 31
2015 09 15 03 59
2015 09 15 14 51
2015 09 15 17 58
2015 09 16 01 32
2015 09 16 03 24
2015 09 16 11 07
2015 09 16 17 51
2015 09 16 23 51
2015 09 17 01 58
2015 09 17 18 16
2015 09 17 19 36
2015 09 17 22 33
2015 09 18 01 59
2015 09 18 04 53
2015 09 18 15 48
2015 09 18 22 18
2015 09 18 23 31
2015 09 19 03 40
2015 09 19 11 27
2015 09 19 15 24
2015 09 19 22 56
2015 09 20 03 45
2015 09 20 07 34
2015 09 21 03 47
2015 09 21 09 33
2015 09 21 13 51
2015 09 21 18 19
2015 09 21 20 12
2015 09 22 01 20
2015 09 22 01 51
2015 09 22 08 44
2015 09 22 11 09
2015 09 22 16 58
2015 09 22 18 55
2015 09 22 23 33
2015 09 23 04 05
2015 09 23 13 23
2015 09 24 14 00
2015 09 25 03 23
2015 09 25 11 50
2015 09 25 14 27
2015 09 25 17 54
2015 09 26 19 04
2015 09 27 15 24
2015 09 28 01 06
2015 09 28 07 37
2015 09 28 09 02
2015 10 01 01 45
2015 10 01 06 03
2015 10 01 09 39
2015 10 03 00 17
2015 10 03 15 43
2015 10 03 17 32
2015 10 04 04 04
2015 10 04 16 44
2015 10 04 22 41
2015 10 06 01 52
2015 10 06 10 52
2015 10 06 11 07
2015 10 06 16 56
2015 10 07 04 49
2015 10 07 10 45
2015 10 07 11 29
2015 10 07 13 49
2015 10 07 21 51
2015 10 08 01 32
2015 10 08 05 11
2015 10 08 05 24
2015 10 08 11 37
2015 10 08 12 41
2015 10 08 17 40
2015 10 08 18 51
2015 10 08 20 57
2015 10 08 23 39
2015 10 09 03 24
2015 10 09 14 10
2015 10 10 09 19
2015 10 10 23 07
2015 10 11 01 29
2015 10 11 10 45
2015 10 12 01 24
2015 10 12 11 59
2015 10 13 09 16
2015 10 14 12 50
2015 10 14 18 41
2015 10 15 01 27
2015 10 15 09 57
2015 10 15 14 30
2015 10 16 10 33
2015 10 17 06 04
2015 10 17 09 24
2015 10 17 14 47
2015 10 17 16 04
2015 10 17 17 28
2015 10 18 02 25
2015 10 18 02 45
2015 10 18 10 26
2015 10 18 16 45
2015 10 19 01 21
2015 10 19 03 19
2015 10 20 05 46
2015 10 20 11 08
2015 10 21 11 26
2015 10 21 22 25
2015 10 22 07 53
2015 10 22 14 01
2015 10 23 05 23
2015 10 23 12 37
2015 10 23 15 24
2015 10 23 22 36
2015 10 24 04 51
2015 10 24 06 38
2015 10 24 10 30
2015 10 24 11 04
2015 10 24 16 41
2015 10 25 11 21
2015 10 26 07 33
2015 10 26 07 57
2015 10 27 07 10
2015 10 27 10 16
2015 10 27 19 02
2015 10 28 07 30
2015 10 28 17 43
2015 11 01 03 41
2015 11 01 05 30
2015 11 01 14 25
2015 11 02 10 53
2015 11 02 12 50
2015 11 02 15 15
2015 11 02 19 57
2015 11 02 20 42
2015 11 03 09 46
2015 11 04 08 55
2015 11 04 15 37
2015 11 04 16 29
2015 11 04 17 20
2015 11 04 19 40
2015 11 04 19 47
2015 11 05 17 13
2015 11 06 05 18
2015 11 06 17 01
2015 11 07 13 03
2015 11 07 17 59
2015 11 07 18 27
2015 11 07 22 38
2015 11 07 23 54
2015 11 08 04 14
2015 11 08 16 19
2015 11 08 17 02
2015 11 08 20 38
2015 11 08 22 49
2015 11 08 23 59
2015 11 09 08 33
2015 11 09 22 26
2015 11 10 16 29
2015 11 10 18 25
2015 11 11 01 13
2015 11 11 04 28
2015 11 11 06 47
2015 11 11 14 31
2015 11 11 19 39
2015 11 11 19 43
2015 11 11 19 59
2015 11 12 18 51
2015 11 13 00 32
2015 11 13 01 10
2015 11 13 06 18
2015 11 13 17 37
2015 11 14 22 18
2015 11 15 01 07
2015 11 15 02 21
2015 11 15 06 17
2015 11 15 13 29
2015 11 15 20 07
2015 11 16 07 52
2015 11 16 23 11
2015 11 17 04 04
2015 11 17 05 25
2015 11 17 10 29
2015 11 17 12 34
2015 11 17 17 40
2015 11 18 07 55
2015 11 18 08 23
2015 11 18 19 09
2015 11 19 02 18
2015 11 19 17 00
2015 11 19 22 47
2015 11 19 23 02
2015 11 20 10 29
2015 11 20 19 14
2015 11 20 20 34
2015 11 20 21 24
2015 11 21 03 53
2015 11 21 08 53
2015 11 21 14 52
2015 11 21 18 11
2015 11 22 06 01
2015 11 22 13 42
2015 11 22 13 51
2015 11 23 01 40
2015 11 23 18 41
2015 11 23 22 31
2015 11 24 05 43
2015 11 24 20 28
2015 11 25 00 45
2015 11 25 09 35
2015 11 25 11 57
2015 11 26 07 52
2015 11 26 10 59
2015 11 26 13 43
2015 11 26 18 28
2015 11 27 01 08
2015 11 27 03 40
2015 11 27 13 48
2015 11 27 15 47
2015 11 28 09 16
2015 11 28 12 35
2015 12 01 09 15
2015 12 01 09 30
2015 12 02 01 40
2015 12 02 01 55
2015 12 02 14 40
2015 12 02 15 06
2015 12 03 08 40
2015 12 03 12 28
2015 12 03 14 41
2015 12 03 16 25
2015 12 04 03 01
2015 12 04 08 58
2015 12 04 13 07
2015 12 04 17 44
2015 12 05 10 21
2015 12 05 13 06
2015 12 05 20 16
2015 12 05 23 25
2015 12 05 23 42
2015 12 06 03 06
2015 12 06 03 34
2015 12 06 04 00
2015 12 06 04 23
2015 12 07 04 43
2015 12 07 16 24
2015 12 08 00 34
2015 12 08 04 19
2015 12 08 07 20
2015 12 09 03 09
2015 12 09 03 43
2015 12 09 17 47
2015 12 10 08 34
2015 12 10 11 33
2015 12 11 19 46
2015 12 12 00 35
2015 12 12 03 17
2015 12 12 09 53
2015 12 13 15 01
2015 12 13 17 25
2015 12 14 01 11
2015 12 14 03 02
2015 12 14 03 53
2015 12 14 13 15
2015 12 14 23 28
2015 12 15 03 40
2015 12 15 05 06
2015 12 15 16 01
2015 12 15 17 31
2015 12 15 18 56
2015 12 15 22 42
2015 12 16 00 35
2015 12 16 01 29
2015 12 16 03 04
2015 12 16 10 49
2015 12 16 12 38
2015 12 16 19 34
2015 12 17 09 37
2015 12 17 10 48
2015 12 17 18 04
2015 12 17 22 49
2015 12 18 06 38
2015 12 18 09 52
2015 12 19 03 55
2015 12 19 17 09
2015 12 20 00 39
2015 12 21 13 28
2015 12 22 06 22
2015 12 22 06 38
2015 12 22 16 30
2015 12 23 05 22
2015 12 23 06 01
2015 12 24 04 51
2015 12 24 17 00
2015 12 25 17 47
2015 12 25 23 27
2015 12 26 17 05
2015 12 27 07 05
2015 12 27 13 17
2015 12 27 19 18
2015 12 28 01 45
2015 12 28 13 25
2015 12 28 20 35
2016 01 01 01 38
2016 01 01 10 04
2016 01 01 16 18
2016 01 01 17 25
2016 01 03 07 54
2016 01 04 06 59
2016 01 04 10 01
2016 01 04 16 37
2016 01 05 05 14
2016 01 05 07 14
2016 01 05 18 27
2016 01 06 20 34
2016 01 07 11 16
2016 01 08 06 07
2016 01 08 06 25
2016 01 08 09 47
2016 01 08 20 47
2016 01 09 03 12
2016 01 09 21 43
2016 01 10 02 32
2016 01 10 07 32
2016 01 11 20 14
2016 01 12 13 24
2016 01 12 19 30
2016 01 13 06 11
2016 01 13 09 53
2016 01 13 09 56
2016 01 13 11 20
2016 01 15 02 43
2016 01 15 16 57
2016 01 15 17 10
2016 01 16 22 59
2016 01 17 04 48
2016 01 17 16 45
2016 01 17 19 09
2016 01 18 00 48
2016 01 18 04 47
2016 01 19 14 08
2016 01 20 17 48
2016 01 21 03 03
2016 01 21 06 12
2016 01 21 10 09
2016 01 21 11 33
2016 01 21 14 37
2016 01 21 22 55
2016 01 22 09 12
2016 01 22 14 04
2016 01 22 19 50
2016 01 22 21 51
2016 01 23 00 43
2016 01 23 01 29
2016 01 23 10 56
2016 01 23 20 39
2016 01 23 21 40
2016 01 24 04 34
2016 01 24 05 54
2016 01 24 18 15
2016 01 24 20 05
2016 01 25 06 28
2016 01 25 07 44
2016 01 25 07 44
2016 01 25 15 21
2016 01 26 00 22
2016 01 27 04 45
2016 01 27 06 12
2016 01 27 07 53
2016 01 27 10 57
2016 01 27 23 47
2016 02 01 04 45
2016 02 01 22 05
2016 02 02 01 46
2016 02 02 04 35
2016 02 02 10 07
2016 02 02 13 17
2016 02 03 10 26
2016 02 03 11 30
2016 02 03 20 59
2016 02 04 12 36
2016 02 04 16 02
2016 02 05 02 38
2016 02 05 03 19
2016 02 05 06 40
2016 02 05 13 45
2016 02 05 14 23
2016 02 05 18 17
2016 02 06 08 33
2016 02 06 10 25
2016 02 07 01 56
2016 02 07 14 31
2016 02 07 20 29
2016 02 08 18 09
2016 02 08 23 52
2016 02 09 05 55
2016 02 09 10 24
2016 02 09 11 03
2016 02 10 01 21
2016 02 10 16 33
2016 02 11 17 50
2016 02 12 01 40
2016 02 12 03 41
2016 02 12 15 59
2016 02 12 16 25
2016 02 12 17 19
2016 02 12 18 16
2016 02 12 21 45
2016 02 12 23 49
2016 02 13 05 50
2016 02 13 13 34
2016 02 14 00 30
2016 02 14 08 48
2016 02 14 10 40
2016 02 14 12 12
2016 02 14 16 01
2016 02 14 17 57
2016 02 15 08 01
2016 02 16 04 56
2016 02 16 06 15
2016 02 16 07 07
2016 02 16 13 13
2016 02 16 15 47
2016 02 17 02 57
2016 02 17 18 42
2016 02 18 11 03
2016 02 18 17 40
2016 02 19 11 43
2016 02 19 13 16
2016 02 21 00 21
2016 02 21 05 04
2016 02 21 16 32
2016 02 22 12 38
2016 02 22 15 26
2016 02 23 01 01
2016 02 23 02 46
2016 02 23 08 45
2016 02 23 22 19
2016 02 24 09 26
2016 02 24 15 42
2016 02 24 17 15
2016 02 24 19 16
2016 02 25 17 19
2016 02 26 01 47
2016 02 26 17 13
2016 02 27 17 06
2016 02 27 19 34
2016 02 27 20 14
2016 02 27 20 15
2016 02 28 01 41
2016 02 28 06 39
2016 02 28 09 14
2016 02 28 14 02
2016 02 28 17 26
2016 02 28 19 10
2016 03 01 17 27
2016 03 01 17 28
2016 03 02 03 15
2016 03 02 12 50
2016 03 02 23 24
2016 03 03 14 10
2016 03 04 10 26
2016 03 04 13 10
2016 03 05 02 16
2016 03 05 02 28
2016 03 05 02 56
2016 03 05 03 12
2016 03 05 13 03
2016 03 05 14 44
2016 03 05 22 31
2016 03 06 01 15
2016 03 07 18 08
2016 03 07 18 35
2016 03 08 21 58
2016 03 10 04 42
2016 03 10 13 25
2016 03 10 15 58
2016 03 11 02 30
2016 03 11 04 43
2016 03 11 05 21
2016 03 11 06 04
2016 03 11 07 29
2016 03 11 08 26
2016 03 12 11 53
2016 03 12 13 33
2016 03 12 14 43
2016 03 12 15 32
2016 03 12 20 18
2016 03 13 17 53
2016 03 13 19 21
2016 03 14 21 37
2016 03 15 01 57
2016 03 15 04 53
2016 03 15 17 48
2016 03 16 17 11
2016 03 17 05 12
2016 03 18 02 32
2016 03 18 09 05
2016 03 18 19 27
2016 03 18 19 36
2016 03 19 20 51
2016 03 19 23 26
2016 03 20 07 56
2016 03 20 09 21
2016 03 20 23 19
2016 03 21 06 41
2016 03 21 12 01
2016 03 21 13 20
2016 03 21 17 44
2016 03 21 20 49
2016 03 22 06 49
2016 03 22 07 09
2016 03 22 12 48
2016 03 22 17 10
2016 03 23 06 29
2016 03 24 00 34
2016 03 24 07 08
2016 03 24 08 41
2016 03 24 14 02
2016 03 24 20 29
2016 03 25 07 52
2016 03 25 15 20
2016 03 26 09 36
2016 03 26 12 13
2016 03 26 13 46
2016 03 26 15 14
2016 03 26 15 36
2016 03 26 19 06
2016 03 26 23 42
2016 03 27 06 21
2016 03 27 10 41
2016 03 27 14 58
2016 03 27 17 11
2016 03 28 02 52
2016 03 28 04 42
2016 03 28 06 32
2016 04 01 16 05
2016 04 02 03 19
2016 04 02 14 57
2016 04 03 04 16
2016 04 03 13 09
2016 04 03 18 36
2016 04 04 01 02
2016 04 04 14 16
2016 04 04 14 58
2016 04 05 08 10
2016 04 05 10 31
2016 04 05 10 55
2016 04 05 20 35
2016 04 06 13 10
2016 04 06 13 33
2016 04 06 15 52
2016 04 06 18 39
2016 04 07 04 57
2016 04 07 13 34
2016 04 07 14 25
2016 04 07 14 41
2016 04 07 14 59
2016 04 07 16 33
2016 04 08 00 32
2016 04 08 05 36
2016 04 08 11 05
2016 04 08 14 32
2016 04 08 19 49
2016 04 09 08 10
2016 04 09 18 47
2016 04 10 01 15
2016 04 10 04 43
2016 04 10 05 49
2016 04 10 14 03
2016 04 10 14 26
2016 04 10 16 15
2016 04 11 05 29
2016 04 11 16 37
2016 04 12 01 12
2016 04 12 01 31
2016 04 12 08 51
2016 04 12 10 42
2016 04 12 11 22
2016 04 12 15 47
2016 04 12 20 07
2016 04 12 20 33
2016 04 13 05 14
2016 04 13 05 49
2016 04 13 14 46
2016 04 13 18 01
2016 04 13 22 47
2016 04 14 03 10
2016 04 14 06 32
2016 04 14 12 02
2016 04 14 13 15
2016 04 14 15 45
2016 04 15 01 21
2016 04 15 09 47
2016 04 15 15 20
2016 04 16 02 48
2016 04 16 05 57
2016 04 16 10 31
2016 04 16 14 24
2016 04 16 16 29
2016 04 17 01 51
2016 04 17 04 47
2016 04 17 07 37
2016 04 17 12 57
2016 04 17 15 17
2016 04 17 15 52
2016 04 18 08 52
2016 04 18 10 07
2016 04 18 10 46
2016 04 18 15 54
2016 04 18 20 07
2016 04 19 01 29
2016 04 19 16 25
2016 04 20 00 14
2016 04 20 07 43
2016 04 21 06 41
2016 04 22 00 57
2016 04 22 12 25
2016 04 22 16 41
2016 04 22 19 29
2016 04 22 23 18
2016 04 23 04 15
2016 04 23 09 05
2016 04 23 09 48
2016 04 23 14 25
2016 04 23 15 41
2016 04 26 08 02
2016 04 26 10 44
2016 04 27 01 06
2016 04 27 01 28
2016 04 28 00 55
2016 04 28 08 28
2016 05 01 02 03
2016 05 01 06 48
2016 05 01 09 22
2016 05 01 13 56
2016 05 01 16 31
2016 05 01 20 13
2016 05 02 03 45
2016 05 02 11 31
2016 05 02 14 37
2016 05 02 19 33
2016 05 03 03 14
2016 05 03 04 29
2016 05 03 09 42
2016 05 03 15 41
2016 05 03 23 55
2016 05 04 15 26
2016 05 05 07 18
2016 05 05 09 23
2016 05 06 11 11
2016 05 06 13 32
2016 05 07 02 37
2016 05 07 11 48
2016 05 08 02 46
2016 05 09 05 30
2016 05 09 16 22
2016 05 09 16 44
2016 05 09 20 46
2016 05 10 11 26
2016 05 10 16 48
2016 05 11 02 48
2016 05 11 09 26
2016 05 11 09 30
2016 05 11 12 47
2016 05 11 18 28
2016 05 11 22 19
2016 05 12 02 57
2016 05 12 09 43
2016 05 12 22 35
2016 05 13 11 16
2016 05 13 21 27
2016 05 14 02 21
2016 05 14 05 00
2016 05 14 16 03
2016 05 15 00 37
2016 05 15 02 56
2016 05 15 11 46
2016 05 15 16 02
2016 05 15 17 31
2016 05 15 23 50
2016 05 16 06 51
2016 05 16 17 09
2016 05 16 20 32
2016 05 16 22 19
2016 05 16 23 34
2016 05 17 07 26
2016 05 18 04 26
2016 05 18 09 16
2016 05 18 18 32
2016 05 19 01 39
2016 05 19 04 55
2016 05 19 05 59
2016 05 19 13 17
2016 05 19 14 20
2016 05 19 16 24
2016 05 20 03 17
2016 05 20 08 20
2016 05 21 01 55
2016 05 21 16 28
2016 05 22 04 19
2016 05 22 09 43
2016 05 22 09 49
2016 05 22 12 26
2016 05 22 21 51
2016 05 23 23 46
2016 05 24 01 21
2016 05 24 14 44
2016 05 24 20 53
2016 05 25 05 37
2016 05 25 09 16
2016 05 26 02 30
2016 05 26 12 09
2016 05 26 12 48
2016 05 26 18 35
2016 05 27 01 27
2016 05 27 04 50
2016 05 27 09 03
2016 05 27 18 32
2016 05 27 21 40
2016 05 28 05 41
2016 05 28 10 40
2016 05 28 16 21
2016 05 28 22 31
2016 06 01 00 51
2016 06 01 01 50
2016 06 01 02 34
2016 06 01 06 13
2016 06 01 10 12
2016 06 02 08 09
2016 06 02 15 34
2016 06 03 08 00
2016 06 03 18 33
2016 06 04 04 30
2016 06 04 11 45
2016 06 05 02 03
2016 06 05 11 24
2016 06 05 20 40
2016 06 06 21 24
2016 06 07 02 22
2016 06 07 02 46
2016 06 07 09 28
2016 06 07 19 18
2016 06 09 04 23
2016 06 09 09 45
2016 06 09 14 34
2016 06 10 12 29
2016 06 10 13 34
2016 06 10 20 41
2016 06 12 20 56
2016 06 13 19 17
2016 06 14 11 28
2016 06 15 03 42
2016 06 15 08 22
2016 06 15 16 29
2016 06 16 08 51
2016 06 17 01 04
2016 06 17 02 24
2016 06 17 12 29
2016 06 17 15 27
2016 06 17 16 35
2016 06 17 17 06
2016 06 18 03 59
2016 06 19 03 41
2016 06 19 16 29
2016 06 20 00 57
2016 06 20 18 31
2016 06 22 06 23
2016 06 22 21 27
2016 06 23 00 45
2016 06 23 07 27
2016 06 24 21 16
2016 06 25 02 35
2016 06 25 02 54
2016 06 25 11 33
2016 06 25 19 16
2016 06 26 04 15
2016 06 26 17 13
2016 06 27 01 13
2016 06 27 13 06
2016 06 28 07 50
2016 07 01 00 45
2016 07 01 04 23
2016 07 01 05 56
2016 07 01 07 17
2016 07 01 13 44
2016 07 01 18 04
2016 07 02 03 08
2016 07 03 03 29
2016 07 03 04 15
2016 07 03 11 44
2016 07 03 16 17
2016 07 04 14 53
2016 07 04 19 09
2016 07 05 03 13
2016 07 05 19 12
2016 07 07 03 10
2016 07 07 12 02
2016 07 07 22 58
2016 07 08 21 21
2016 07 09 07 59
2016 07 09 13 48
2016 07 09 18 46
2016 07 10 00 27
2016 07 10 04 20
2016 07 10 19 15
2016 07 10 21 07
2016 07 10 23 58
2016 07 11 03 04
2016 07 11 07 02
2016 07 11 12 00
2016 07 11 14 55
2016 07 11 20 39
2016 07 12 08 27
2016 07 12 16 35
2016 07 12 16 44
2016 07 12 19 41
2016 07 13 15 11
2016 07 14 01 23
2016 07 14 12 10
2016 07 14 16 40
2016 07 14 19 19
2016 07 15 14 24
2016 07 15 18 24
2016 07 15 21 06
2016 07 15 22 43
2016 07 16 09 46
2016 07 16 10 30
2016 07 16 18 10
2016 07 16 20 44
2016 07 16 21 54
2016 07 17 03 36
2016 07 17 10 10
2016 07 17 16 03
2016 07 18 04 54
2016 07 18 11 44
2016 07 18 18 22
2016 07 19 02 32
2016 07 19 07 55
2016 07 19 12 09
2016 07 20 01 12
2016 07 20 02 59
2016 07 20 17 12
2016 07 20 20 30
2016 07 21 03 08
2016 07 21 03 27
2016 07 21 09 03
2016 07 21 15 20
2016 07 21 19 29
2016 07 21 20 38
2016 07 23 12 18
2016 07 23 18 34
2016 07 23 19 38
2016 07 24 00 57
2016 07 24 03 15
2016 07 24 03 26
2016 07 24 15 18
2016 07 25 06 41
2016 07 25 16 30
2016 07 26 11 43
2016 07 26 17 50
2016 07 26 18 51
2016 07 27 20 14
2016 07 28 04 57
2016 07 28 14 24
2016 07 28 14 40
2016 07 28 14 56
2016 07 28 18 41
2016 08 01 08 25
2016 08 02 20 22
2016 08 03 13 06
2016 08 03 23 10
2016 08 03 23 21
2016 08 04 03 44
2016 08 04 23 42
2016 08 05 06 14
2016 08 05 07 39
2016 08 05 08 14
2016 08 05 14 04
2016 08 06 00 22
2016 08 06 06 48
2016 08 06 10 12
2016 08 06 19 11
2016 08 06 21 18
2016 08 06 21 20
2016 08 07 02 16
2016 08 07 13 28
2016 08 07 13 42
2016 08 07 16 06
2016 08 08 21 45
2016 08 09 04 07
2016 08 09 08 06
2016 08 09 15 04
2016 08 09 22 38
2016 08 10 10 27
2016 08 10 13 28
2016 08 10 14 11
2016 08 10 17 46
2016 08 11 10 47
2016 08 11 13 34
2016 08 11 21 31
2016 08 11 21 50
2016 08 11 23 32
2016 08 12 15 02
2016 08 13 05 32
2016 08 13 07 45
2016 08 13 19 03
2016 08 14 14 32
2016 08 14 15 37
2016 08 14 16 11
2016 08 16 03 15
2016 08 16 03 20
2016 08 16 03 39
2016 08 16 14 14
2016 08 17 21 18
2016 08 17 21 30
2016 08 18 02 34
2016 08 18 04 05
2016 08 18 15 17
2016 08 20 11 29
2016 08 20 13 54
2016 08 20 18 40
2016 08 20 22 22
2016 08 21 06 31
2016 08 22 07 21
2016 08 22 08 06
2016 08 22 13 32
2016 08 23 06 47
2016 08 23 07 59
2016 08 23 10 23
2016 08 23 18 38
2016 08 23 23 26
2016 08 24 02 04
2016 08 24 10 08
2016 08 24 10 20
2016 08 24 21 46
2016 08 25 14 53
2016 08 26 01 57
2016 08 26 02 30
2016 08 26 07 17
2016 08 26 23 48
2016 08 27 07 37
2016 08 27 10 35
2016 08 27 14 50
2016 08 27 15 03
2016 08 27 19 12
2016 08 28 08 34
2016 08 28 14 36
2016 08 28 14 48
2016 08 28 14 49
2016 08 28 21 13
2016 09 01 07 32
2016 09 01 08 06
2016 09 01 09 41
2016 09 01 13 24
2016 09 01 21 10
2016 09 02 01 28
2016 09 03 04 14
2016 09 03 10 13
2016 09 03 13 18
2016 09 04 03 46
2016 09 04 11 27
2016 09 04 13 55
2016 09 04 18 23
2016 09 04 23 33
2016 09 05 04 08
2016 09 05 04 11
2016 09 05 13 18
2016 09 05 16 38
2016 09 05 17 49
2016 09 05 22 49
2016 09 06 03 32
2016 09 06 14 58
2016 09 06 15 32
2016 09 06 21 50
2016 09 06 22 53
2016 09 07 18 05
2016 09 08 11 13
2016 09 08 12 58
2016 09 09 05 23
2016 09 09 12 50
2016 09 09 17 13
2016 09 09 18 44
2016 09 09 20 47
2016 09 10 00 31
2016 09 10 12 06
2016 09 10 20 01
2016 09 11 10 47
2016 09 12 04 51
2016 09 12 07 02
2016 09 12 09 20
2016 09 12 12 00
2016 09 12 14 40
2016 09 12 17 18
2016 09 12 19 06
2016 09 12 21 06
2016 09 13 20 21
2016 09 14 09 01
2016 09 15 11 03
2016 09 15 13 52
2016 09 15 15 57
2016 09 15 17 09
2016 09 15 17 35
2016 09 15 18 31
2016 09 16 03 34
2016 09 16 09 14
2016 09 16 16 22
2016 09 17 08 57
2016 09 17 10 56
2016 09 17 13 23
2016 09 18 02 00
2016 09 18 05 05
2016 09 18 06 08
2016 09 18 09 29
2016 09 18 09 51
2016 09 18 10 30
2016 09 18 11 34
2016 09 18 17 46
2016 09 18 19 22
2016 09 19 03 18
2016 09 19 13 49
2016 09 19 17 30
2016 09 20 01 11
2016 09 20 15 05
2016 09 20 17 58
2016 09 21 05 14
2016 09 21 07 25
2016 09 22 09 14
2016 09 22 10 40
2016 09 22 14 43
2016 09 22 18 57
2016 09 23 16 23
2016 09 23 17 06
2016 09 24 00 57
2016 09 24 01 01
2016 09 24 10 12
2016 09 24 15 34
2016 09 24 18 03
2016 09 24 20 08
2016 09 24 20 49
2016 09 24 22 17
2016 09 24 23 55
2016 09 25 09 18
2016 09 25 13 52
2016 09 25 16 42
2016 09 25 17 40
2016 09 25 18 48
2016 09 26 00 50
2016 09 26 01 07
2016 09 26 01 43
2016 09 26 07 03
2016 09 26 13 11
2016 09 27 02 51
2016 09 27 08 12
2016 09 27 13 08
2016 09 27 18 32
2016 09 27 20 21
2016 09 28 04 20
2016 09 28 19 41
2016 10 01 11 24
2016 10 01 14 25
2016 10 01 18 18
2016 10 01 18 28
2016 10 02 09 20
2016 10 03 02 43
2016 10 03 07 24
2016 10 03 09 00
2016 10 03 22 30
2016 10 04 00 52
2016 10 04 22 51
2016 10 05 10 27
2016 10 05 16 58
2016 10 06 04 57
2016 10 06 09 30
2016 10 08 01 45
2016 10 08 13 04
2016 10 09 03 36
2016 10 09 10 52
2016 10 09 12 15
2016 10 10 08 23
2016 10 10 08 40
2016 10 10 15 45
2016 10 10 20 03
2016 10 11 09 41
2016 10 11 10 40
2016 10 12 00 22
2016 10 12 02 15
2016 10 12 05 30
2016 10 12 06 42
2016 10 12 10 31
2016 10 12 14 05
2016 10 12 19 56
2016 10 12 23 36
2016 10 13 11 00
2016 10 14 01 29
2016 10 16 04 09
2016 10 17 04 10
2016 10 17 04 29
2016 10 17 04 58
2016 10 17 22 51
2016 10 18 01 26
2016 10 18 03 10
2016 10 18 16 45
2016 10 18 19 21
2016 10 19 01 47
2016 10 19 03 17
2016 10 20 04 29
2016 10 20 05 37
2016 10 20 09 04
2016 10 20 15 36
2016 10 20 21 48
2016 10 20 23 19
2016 10 21 06 23
2016 10 21 16 08
2016 10 21 19 16
2016 10 22 04 55
2016 10 22 10 39
2016 10 22 11 06
2016 10 22 20 35
2016 10 23 03 38
2016 10 23 05 37
2016 10 24 03 43
2016 10 24 22 23
2016 10 25 11 17
2016 10 25 16 13
2016 10 25 16 33
2016 10 25 22 46
2016 10 26 21 11
2016 10 26 22 22
2016 10 26 22 34
2016 10 27 01 13
2016 10 28 07 50
2016 10 28 09 00
2016 10 28 10 48
2016 10 28 19 24
2016 11 01 00 02
2016 11 01 13 25
2016 11 01 22 14
2016 11 02 12 45
2016 11 02 14 23
2016 11 02 20 59
2016 11 02 22 26
2016 11 03 02 51
2016 11 03 14 47
2016 11 03 18 24
2016 11 03 21 10
2016 11 03 21 13
2016 11 03 23 06
2016 11 04 02 27
2016 11 05 08 21
2016 11 05 22 44
2016 11 06 05 59
2016 11 06 07 41
2016 11 06 11 47
2016 11 07 11 18
2016 11 08 02 54
2016 11 08 17 28
2016 11 09 03 42
2016 11 09 09 09
2016 11 09 11 16
2016 11 09 18 53
2016 11 09 21 02
2016 11 10 07 01
2016 11 10 13 09
2016 11 10 17 52
2016 11 11 04 37
2016 11 11 12 08
2016 11 11 13 29
2016 11 12 05 13
2016 11 12 14 57
2016 11 12 21 14
2016 11 13 01 49
2016 11 13 06 01
2016 11 13 06 35
2016 11 13 08 53
2016 11 13 08 55
2016 11 13 22 45
2016 11 14 01 12
2016 11 14 02 47
2016 11 15 09 51
2016 11 15 16 22
2016 11 15 18 18
2016 11 15 18 52
2016 11 15 21 29
2016 11 16 22 06
2016 11 17 05 31
2016 11 17 16 39
2016 11 17 20 40
2016 11 18 03 13
2016 11 18 14 12
2016 11 18 17 55
2016 11 18 23 46
2016 11 19 06 41
2016 11 19 12 12
2016 11 20 00 08
2016 11 20 01 34
2016 11 20 04 54
2016 11 20 15 23
2016 11 21 18 35
2016 11 22 12 46
2016 11 22 13 50
2016 11 22 23 46
2016 11 23 08 09
2016 11 23 12 09
2016 11 23 17 04
2016 11 24 10 20
2016 11 24 10 22
2016 11 24 13 51
2016 11 25 06 12
2016 11 25 09 16
2016 11 25 11 01
2016 11 25 16 29
2016 11 25 16 36
2016 11 25 19 29
2016 11 25 21 40
2016 11 26 04 08
2016 11 26 06 33
2016 11 26 07 07
2016 11 26 07 35
2016 11 26 12 36
2016 12 01 15 07
2016 12 01 19 48
2016 12 01 21 49
2016 12 02 10 55
2016 12 02 11 20
2016 12 02 11 53
2016 12 02 17 45
2016 12 02 22 29
2016 12 03 01 04
2016 12 03 05 01
2016 12 04 00 31
2016 12 04 07 00
2016 12 04 14 02
2016 12 04 23 44
2016 12 05 10 30
2016 12 06 01 50
2016 12 06 20 33
2016 12 07 03 16
2016 12 07 12 50
2016 12 07 12 53
2016 12 07 14 01
2016 12 07 18 40
2016 12 07 19 02
2016 12 07 22 19
2016 12 08 07 09
2016 12 08 07 22
2016 12 08 23 44
2016 12 09 01 42
2016 12 09 12 38
2016 12 09 23 29
2016 12 10 02 51
2016 12 11 05 38
2016 12 11 15 50
2016 12 11 21 58
2016 12 12 04 53
2016 12 12 08 27
2016 12 12 08 50
2016 12 12 10 46
2016 12 12 20 17
2016 12 13 22 46
2016 12 13 23 27
2016 12 14 11 24
2016 12 15 07 56
2016 12 15 15 23
2016 12 15 16 34
2016 12 15 17 25
2016 12 15 18 53
2016 12 16 06 10
2016 12 16 12 31
2016 12 16 16 31
2016 12 16 17 13
2016 12 17 03 16
2016 12 17 03 23
2016 12 17 05 30
2016 12 17 06 29
2016 12 17 07 15
2016 12 17 08 36
2016 12 18 13 25
2016 12 18 14 24
2016 12 19 15 49
2016 12 20 01 05
2016 12 20 12 54
2016 12 21 03 52
2016 12 21 06 08
2016 12 21 16 29
2016 12 23 07 09
2016 12 23 11 55
2016 12 23 18 22
2016 12 24 02 50
2016 12 24 04 43
2016 12 24 17 15
2016 12 24 17 21
2016 12 24 18 18
2016 12 25 01 08
2016 12 25 03 05
2016 12 25 11 57
2016 12 25 15 56
2016 12 25 18 18
2016 12 25 18 44
2016 12 25 21 49
2016 12 26 14 42
2016 12 26 17 06
2016 12 26 17 16
2016 12 26 19 56
2016 12 27 01 11
2016 12 28 15 22
2016 12 28 21 32
2017 01 01 01 39
2017 01 01 06 34
2017 01 02 06 23
2017 01 02 17 49
2017 01 02 23 33
2017 01 03 05 37
2017 01 03 19 14
2017 01 04 01 34
2017 01 04 05 00
2017 01 04 12 51
2017 01 04 16 37
2017 01 05 04 30
2017 01 05 06 44
2017 01 05 15 10
2017 01 05 17 52
2017 01 06 07 47
2017 01 07 02 04
2017 01 07 04 28
2017 01 07 20 09
2017 01 07 20 39
2017 01 07 21 42
2017 01 07 23 32
2017 01 08 02 36
2017 01 08 09 29
2017 01 08 13 41
2017 01 08 15 13
2017 01 08 16 56
2017 01 08 17 13
2017 01 09 12 30
2017 01 09 20 29
2017 01 09 23 17
2017 01 10 00 37
2017 01 10 07 22
2017 01 10 07 45
2017 01 11 20 31
2017 01 12 08 36
2017 01 12 15 52
2017 01 14 02 27
2017 01 14 14 50
2017 01 15 02 44
2017 01 15 11 39
2017 01 15 12 06
2017 01 15 20 14
2017 01 16 03 08
2017 01 16 04 03
2017 01 16 11 53
2017 01 17 00 52
2017 01 17 06 28
2017 01 17 10 28
2017 01 17 13 57
2017 01 18 00 45
2017 01 18 04 53
2017 01 18 05 10
2017 01 18 13 07
2017 01 18 19 09
2017 01 19 00 12
2017 01 19 08 03
2017 01 19 16 31
2017 01 19 21 30
2017 01 20 03 45
2017 01 20 06 53
2017 01 20 08 08
2017 01 20 15 08
2017 01 20 23 31
2017 01 21 10 32
2017 01 22 00 03
2017 01 22 05 01
2017 01 22 16 44
2017 01 22 19 54
2017 01 22 21 24
2017 01 23 02 48
2017 01 23 04 58
2017 01 23 12 15
2017 01 23 13 35
2017 01 23 15 33
2017 01 23 20 58
2017 01 23 22 56
2017 01 24 04 04
2017 01 24 05 21
2017 01 24 11 05
2017 01 24 13 02
2017 01 25 12 13
2017 01 25 16 48
2017 01 25 18 51
2017 01 26 05 31
2017 01 26 13 49
2017 01 26 16 40
2017 01 26 21 17
2017 01 26 22 29
2017 01 27 10 25
2017 01 27 17 51
2017 01 27 22 16
2017 01 28 01 06
2017 01 28 04 14
2017 01 28 05 17
2017 01 28 11 49
2017 02 02 01 31
2017 02 02 09 53
2017 02 04 04 02
2017 02 04 12 06
2017 02 04 13 47
2017 02 04 22 10
2017 02 04 22 10
2017 02 05 11 48
2017 02 05 12 06
2017 02 06 07 19
2017 02 06 11 49
2017 02 06 13 23
2017 02 06 23 50
2017 02 07 08 00
2017 02 07 15 56
2017 02 07 16 42
2017 02 07 20 31
2017 02 08 01 18
2017 02 08 03 13
2017 02 08 06 06
2017 02 08 09 11
2017 02 08 10 41
2017 02 08 11 38
2017 02 08 23 13
2017 02 08 23 14
2017 02 10 05 18
2017 02 10 05 28
2017 02 10 05 46
2017 02 10 13 17
2017 02 11 02 30
2017 02 11 06 16
2017 02 11 14 35
2017 02 11 20 11
2017 02 12 19 11
2017 02 12 19 18
2017 02 13 04 46
2017 02 15 00 22
2017 02 15 03 40
2017 02 15 15 28
2017 02 15 21 13
2017 02 16 01 24
2017 02 16 06 17
2017 02 16 21 29
2017 02 17 02 54
2017 02 17 09 39
2017 02 17 23 44
2017 02 18 12 31
2017 02 18 21 29
2017 02 19 02 30
2017 02 19 03 05
2017 02 19 08 44
2017 02 19 10 55
2017 02 19 15 06
2017 02 20 10 34
2017 02 21 04 04
2017 02 22 01 50
2017 02 22 04 43
2017 02 22 13 53
2017 02 22 17 57
2017 02 22 19 47
2017 02 23 03 38
2017 02 23 05 51
2017 02 23 07 59
2017 02 23 14 55
2017 02 23 20 31
2017 02 25 10 08
2017 02 25 17 36
2017 02 26 02 26
2017 02 26 13 37
2017 02 26 21 54
2017 02 27 01 58
2017 02 28 10 54
2017 02 28 18 09
2017 02 28 22 55
2017 03 01 13 53
2017 03 02 19 28
2017 03 02 20 59
2017 03 02 23 00
2017 03 03 04 33
2017 03 03 08 17
2017 03 03 12 40
2017 03 04 04 47
2017 03 05 04 21
2017 03 05 11 11
2017 03 06 16 06
2017 03 07 01 43
2017 03 07 09 24
2017 03 07 15 54
2017 03 08 22 08
2017 03 09 05 26
2017 03 09 08 53
2017 03 09 16 31
2017 03 10 16 32
2017 03 11 00 12
2017 03 11 00 25
2017 03 11 22 18
2017 03 12 10 05
2017 03 12 15 03
2017 03 12 17 34
2017 03 13 01 21
2017 03 13 18 45
2017 03 13 18 56
2017 03 14 21 57
2017 03 15 00 02
2017 03 16 13 59
2017 03 16 16 45
2017 03 16 17 53
2017 03 16 20 32
2017 03 17 01 07
2017 03 17 07 48
2017 03 17 11 43
2017 03 17 15 51
2017 03 18 11 23
2017 03 18 17 04
2017 03 18 20 19
2017 03 19 05 56
2017 03 20 05 10
2017 03 20 10 14
2017 03 20 11 42
2017 03 20 11 43
2017 03 20 12 03
2017 03 20 13 14
2017 03 20 16 21
2017 03 21 06 33
2017 03 22 01 19
2017 03 22 12 40
2017 03 22 21 44
2017 03 22 22 02
2017 03 23 00 58
2017 03 23 20 58
2017 03 23 21 35
2017 03 24 00 54
2017 03 24 06 00
2017 03 24 13 09
2017 03 25 04 24
2017 03 25 12 14
2017 03 25 15 11
2017 03 26 06 21
2017 03 27 00 03
2017 03 27 02 39
2017 03 27 10 18
2017 03 27 12 39
2017 03 27 22 09
2017 03 28 04 43
2017 03 28 08 59
2017 03 28 21 02
2017 04 01 01 09
2017 04 01 03 23
2017 04 01 13 16
2017 04 01 14 18
2017 04 01 19 08
2017 04 02 01 44
2017 04 02 05 33
2017 04 03 04 21
2017 04 03 04 38
2017 04 03 06 34
2017 04 03 23 21
2017 04 04 04 13
2017 04 04 09 52
2017 04 04 11 40
2017 04 04 12 43
2017 04 04 16 41
2017 04 04 21 55
2017 04 05 07 39
2017 04 05 14 49
2017 04 05 18 19
2017 04 07 16 37
2017 04 07 16 38
2017 04 08 00 42
2017 04 08 12 54
2017 04 08 14 45
2017 04 08 15 22
2017 04 08 17 40
2017 04 09 00 47
2017 04 09 00 58
2017 04 09 07 36
2017 04 09 08 25
2017 04 09 14 26
2017 04 10 03 27
2017 04 10 08 57
2017 04 10 11 01
2017 04 10 14 30
2017 04 10 15 18
2017 04 11 07 01
2017 04 11 09 36
2017 04 11 10 44
2017 04 11 22 59
2017 04 12 13 50
2017 04 13 21 54
2017 04 14 04 25
2017 04 14 05 41
2017 04 14 14 13
2017 04 15 01 03
2017 04 15 02 31
2017 04 15 22 46
2017 04 16 07 36
2017 04 16 08 11
2017 04 16 12 08
2017 04 16 17 51
2017 04 17 04 46
2017 04 17 05 12
2017 04 17 10 14
2017 04 17 13 04
2017 04 18 00 43
2017 04 18 04 20
2017 04 19 23 10
2017 04 20 09 30
2017 04 20 20 37
2017 04 20 23 39
2017 04 21 01 44
2017 04 21 11 43
2017 04 21 16 45
2017 04 21 18 47
2017 04 21 19 50
2017 04 23 06 06
2017 04 23 13 55
2017 04 24 03 11
2017 04 24 05 35
2017 04 24 11 22
2017 04 25 07 50
2017 04 25 08 02
2017 04 26 06 32
2017 04 26 13 24
2017 04 26 19 46
2017 04 26 21 32
2017 04 27 05 33
2017 04 27 14 34
2017 04 27 18 06
2017 04 28 08 18
2017 04 28 15 25
2017 04 28 17 12
2017 05 01 02 12
2017 05 01 14 35
2017 05 01 19 30
2017 05 02 05 00
2017 05 03 02 24
2017 05 04 04 17
2017 05 04 22 03
2017 05 05 05 08
2017 05 07 00 46
2017 05 07 01 20
2017 05 08 01 44
2017 05 08 13 15
2017 05 08 17 32
2017 05 08 20 06
2017 05 09 08 07
2017 05 09 17 02
2017 05 10 07 18
2017 05 10 15 39
2017 05 10 18 37
2017 05 10 21 23
2017 05 12 04 43
2017 05 12 08 52
2017 05 12 23 19
2017 05 13 00 01
2017 05 13 04 43
2017 05 13 10 09
2017 05 13 12 09
2017 05 13 17 11
2017 05 14 11 44
2017 05 14 18 15
2017 05 15 13 23
2017 05 15 14 32
2017 05 16 05 21
2017 05 16 10 50
2017 05 18 14 24
2017 05 18 15 59
2017 05 18 22 03
2017 05 19 00 30
2017 05 19 16 01
2017 05 19 23 02
2017 05 19 23 17
2017 05 20 05 19
2017 05 20 08 54
2017 05 20 19 31
2017 05 20 21 43
2017 05 21 07 31
2017 05 21 11 01
2017 05 21 22 54
2017 05 21 23 19
2017 05 22 07 30
2017 05 22 08 58
2017 05 22 14 10
2017 05 22 18 50
2017 05 23 00 46
2017 05 24 11 28
2017 05 24 12 47
2017 05 24 20 22
2017 05 24 22 39
2017 05 25 17 36
2017 05 26 00 09
2017 05 26 04 23
2017 05 26 10 58
2017 05 28 05 35
2017 05 28 18 35
2017 05 28 22 03
2017 05 28 22 14
2017 06 01 08 17
2017 06 01 11 28
2017 06 01 15 57
2017 06 01 23 59
2017 06 02 00 50
2017 06 02 10 10
2017 06 02 13 54
2017 06 02 23 07
2017 06 03 01 25
2017 06 03 07 02
2017 06 04 04 09
2017 06 04 10 47
2017 06 04 19 33
2017 06 05 07 19
2017 06 05 15 36
2017 06 06 02 12
2017 06 06 05 34
2017 06 06 06 43
2017 06 06 14 04
2017 06 06 21 29
2017 06 07 11 36
2017 06 07 13 36
2017 06 07 17 29
2017 06 07 18 06
2017 06 08 03 31
2017 06 08 04 30
2017 06 08 08 41
2017 06 08 16 09
2017 06 08 22 03
2017 06 08 22 52
2017 06 08 23 12
2017 06 09 08 17
2017 06 09 21 45
2017 06 09 23 44
2017 06 10 14 50
2017 06 10 19 52
2017 06 10 20 56
2017 06 12 04 30
2017 06 12 06 06
2017 06 12 07 00
2017 06 12 10 48
2017 06 12 18 08
2017 06 13 07 56
2017 06 13 12 21
2017 06 13 18 07
2017 06 14 04 46
2017 06 14 16 30
2017 06 14 16 38
2017 06 15 09 16
2017 06 15 20 50
2017 06 15 22 08
2017 06 16 07 21
2017 06 16 10 03
2017 06 17 19 02
2017 06 17 20 33
2017 06 17 21 36
2017 06 18 05 49
2017 06 18 19 46
2017 06 19 21 26
2017 06 20 05 17
2017 06 20 19 08
2017 06 20 22 51
2017 06 20 22 59
2017 06 21 15 55
2017 06 21 19 22
2017 06 22 07 31
2017 06 22 22 45
2017 06 23 10 38
2017 06 23 19 21
2017 06 24 00 39
2017 06 24 15 10
2017 06 24 16 20
2017 06 24 16 42
2017 06 25 05 29
2017 06 25 12 17
2017 06 25 19 36
2017 06 25 22 27
2017 06 26 05 01
2017 06 26 12 31
2017 06 26 18 34
2017 06 27 04 29
2017 06 27 10 20
2017 06 27 11 11
2017 06 27 17 03
2017 06 28 10 59
2017 06 28 13 58
2017 06 28 21 11
2017 06 28 22 24
2017 07 01 20 17
2017 07 01 22 12
2017 07 01 23 42
2017 07 02 10 15
2017 07 02 12 26
2017 07 02 21 04
2017 07 03 01 13
2017 07 03 01 17
2017 07 03 05 01
2017 07 03 05 03
2017 07 03 17 34
2017 07 03 19 59
2017 07 04 04 08
2017 07 04 14 28
2017 07 05 03 37
2017 07 05 22 11
2017 07 06 02 25
2017 07 06 03 10
2017 07 06 08 59
2017 07 06 12 00
2017 07 06 20 50
2017 07 07 04 23
2017 07 08 20 03
2017 07 09 01 19
2017 07 10 06 58
2017 07 10 16 50
2017 07 11 05 01
2017 07 11 10 31
2017 07 12 07 41
2017 07 12 16 03
2017 07 13 02 31
2017 07 13 03 02
2017 07 13 11 24
2017 07 13 21 08
2017 07 13 21 30
2017 07 14 17 51
2017 07 15 11 45
2017 07 15 22 26
2017 07 16 00 31
2017 07 16 02 51
2017 07 16 05 35
2017 07 16 18 41
2017 07 17 02 25
2017 07 17 03 55
2017 07 17 05 00
2017 07 17 06 30
2017 07 17 16 28
2017 07 17 17 10
2017 07 17 23 19
2017 07 18 00 49
2017 07 18 19 50
2017 07 19 08 48
2017 07 19 10 35
2017 07 19 19 20
2017 07 20 03 42
2017 07 20 09 46
2017 07 21 06 35
2017 07 21 07 14
2017 07 21 13 52
2017 07 22 12 03
2017 07 23 09 08
2017 07 23 13 53
2017 07 23 14 16
2017 07 23 15 32
2017 07 24 03 50
2017 07 24 06 34
2017 07 24 15 22
2017 07 25 08 17
2017 07 25 09 24
2017 07 25 12 17
2017 07 26 00 54
2017 07 26 02 08
2017 07 26 05 26
2017 07 26 06 06
2017 07 26 09 39
2017 07 26 10 14
2017 07 26 18 04
2017 07 26 22 12
2017 07 27 05 52
2017 07 27 22 21
2017 08 01 08 07
2017 08 01 16 24
2017 08 01 23 29
2017 08 02 22 30
2017 08 03 09 47
2017 08 04 05 53
2017 08 04 12 08
2017 08 06 02 37
2017 08 06 07 32
2017 08 06 14 49
2017 08 06 18 30
2017 08 06 18 51
2017 08 07 05 56
2017 08 07 10 20
2017 08 07 11 22
2017 08 07 11 41
2017 08 07 18 07
2017 08 08 16 00
2017 08 09 08 32
2017 08 09 10 36
2017 08 10 09 29
2017 08 10 15 30
2017 08 10 18 43
2017 08 11 00 28
2017 08 11 13 52
2017 08 11 18 29
2017 08 12 09 27
2017 08 12 11 53
2017 08 12 18 40
2017 08 12 20 23
2017 08 12 21 41
2017 08 12 22 44
2017 08 13 00 35
2017 08 13 00 52
2017 08 13 00 55
2017 08 13 01 38
2017 08 14 09 10
2017 08 14 11 36
2017 08 14 21 27
2017 08 14 22 19
2017 08 15 03 22
2017 08 15 16 52
2017 08 16 04 15
2017 08 17 00 38
2017 08 17 11 46
2017 08 17 23 30
2017 08 19 08 40
2017 08 19 11 38
2017 08 19 13 32
2017 08 20 04 07
2017 08 20 11 44
2017 08 20 13 57
2017 08 20 14 18
2017 08 20 18 12
2017 08 20 18 32
2017 08 20 23 31
2017 08 21 10 08
2017 08 21 13 38
2017 08 21 15 02
2017 08 21 19 05
2017 08 21 19 29
2017 08 21 20 22
2017 08 22 00 44
2017 08 22 06 23
2017 08 22 10 49
2017 08 22 23 44
2017 08 23 02 56
2017 08 23 04 25
2017 08 23 12 48
2017 08 23 19 45
2017 08 24 00 49
2017 08 24 03 48
2017 08 24 08 10
2017 08 24 21 57
2017 08 24 23 34
2017 08 25 04 21
2017 08 25 08 16
2017 08 26 05 36
2017 08 26 12 24
2017 08 26 13 56
2017 08 26 20 52
2017 08 26 22 35
2017 08 27 01 11
2017 08 27 01 51
2017 08 27 12 18
2017 08 27 14 06
2017 08 27 20 32
2017 08 28 02 49
2017 08 28 07 03
2017 09 01 05 06
2017 09 01 07 07
2017 09 01 09 40
2017 09 01 11 17
2017 09 01 12 08
2017 09 01 15 58
2017 09 01 18 11
2017 09 01 23 19
2017 09 02 05 47
2017 09 02 05 49
2017 09 02 06 32
2017 09 02 11 57
2017 09 03 01 01
2017 09 03 10 30
2017 09 03 11 00
2017 09 03 13 15
2017 09 03 22 18
2017 09 04 01 49
2017 09 04 03 59
2017 09 05 05 21
2017 09 05 08 43
2017 09 05 14 43
2017 09 06 02 38
2017 09 06 05 47
2017 09 06 06 56
2017 09 06 14 15
2017 09 06 22 59
2017 09 07 01 30
2017 09 07 02 16
2017 09 07 15 43
2017 09 07 23 28
2017 09 08 17 20
2017 09 08 21 30
2017 09 09 01 30
2017 09 09 03 16
2017 09 09 06 35
2017 09 09 11 34
2017 09 09 14 17
2017 09 09 14 59
2017 09 10 04 36
2017 09 10 09 11
2017 09 10 13 56
2017 09 11 14 46
2017 09 12 01 21
2017 09 13 07 33
2017 09 13 14 11
2017 09 13 15 24
2017 09 15 02 30
2017 09 15 08 39
2017 09 15 17 23
2017 09 17 07 34
2017 09 17 12 01
2017 09 17 14 21
2017 09 18 11 41
2017 09 18 19 13
2017 09 18 21 26
2017 09 18 21 37
2017 09 18 22 54
2017 09 19 01 34
2017 09 19 04 39
2017 09 19 06 06
2017 09 19 10 06
2017 09 19 10 53
2017 09 19 11 48
2017 09 19 14 50
2017 09 19 23 56
2017 09 20 00 34
2017 09 21 05 23
2017 09 21 09 39
2017 09 22 04 42
2017 09 23 12 40
2017 09 23 13 25
2017 09 24 16 59
2017 09 24 18 23
2017 09 25 09 34
2017 09 25 16 40
2017 09 25 21 42
2017 09 26 06 37
2017 09 26 07 18
2017 09 27 01 10
2017 09 27 07 46
2017 09 27 19 37
2017 09 27 22 27
2017 09 28 06 06
2017 09 28 11 21
2017 09 28 12 52
2017 09 28 14 35
2017 09 28 17 41
2017 09 28 20 47
2017 10 01 04 40
2017 10 01 08 52
2017 10 01 17 03
2017 10 02 15 35
2017 10 03 16 44
2017 10 03 20 30
2017 10 04 00 39
2017 10 04 17 56
2017 10 05 08 20
2017 10 05 17 45
2017 10 06 16 01
2017 10 06 17 30
2017 10 07 03 48
2017 10 07 08 32
2017 10 07 10 00
2017 10 07 14 50
2017 10 08 12 36
2017 10 08 22 30
2017 10 09 01 20
2017 10 09 08 41
2017 10 09 17 32
2017 10 09 19 40
2017 10 10 03 49
2017 10 10 09 05
2017 10 10 17 30
2017 10 10 22 38
2017 10 11 09 35
2017 10 11 10 58
2017 10 12 06 46
2017 10 12 15 08
2017 10 12 17 48
2017 10 13 08 51
2017 10 13 15 13
2017 10 13 21 37
2017 10 14 05 21
2017 10 14 22 27
2017 10 15 00 47
2017 10 15 05 17
2017 10 15 08 06
2017 10 15 10 19
2017 10 15 13 26
2017 10 15 14 38
2017 10 15 19 50
2017 10 16 01 06
2017 10 16 07 53
2017 10 16 09 16
2017 10 16 11 51
2017 10 16 11 57
2017 10 16 16 24
2017 10 16 18 55
2017 10 17 09 30
2017 10 17 10 35
2017 10 17 12 14
2017 10 17 14 20
2017 10 17 15 28
2017 10 17 19 26
2017 10 17 23 18
2017 10 18 03 10
2017 10 18 03 43
2017 10 18 04 39
2017 10 18 12 45
2017 10 18 13 39
2017 10 19 12 22
2017 10 20 12 27
2017 10 22 03 56
2017 10 22 13 29
2017 10 23 19 21
2017 10 23 21 09
2017 10 24 00 38
2017 10 24 13 08
2017 10 24 18 02
2017 10 25 02 38
2017 10 25 06 58
2017 10 25 11 23
2017 10 25 12 01
2017 10 25 12 54
2017 10 25 15 17
2017 10 25 21 16
2017 10 25 22 17
2017 10 26 06 01
2017 10 26 10 03
2017 10 26 12 01
2017 10 26 18 35
2017 10 27 02 24
2017 10 27 05 17
2017 10 27 06 53
2017 10 27 10 33
2017 10 28 09 58
2017 10 28 16 27
2017 11 01 01 16
2017 11 01 04 13
2017 11 01 06 19
2017 11 01 12 10
2017 11 01 18 30
2017 11 02 01 38
2017 11 03 00 19
2017 11 03 02 34
2017 11 03 02 35
2017 11 03 06 55
2017 11 03 09 02
2017 11 03 09 07
2017 11 04 13 54
2017 11 05 12 41
2017 11 06 01 44
2017 11 06 01 59
2017 11 06 04 53
2017 11 06 16 22
2017 11 07 05 06
2017 11 07 10 22
2017 11 07 14 03
2017 11 07 15 03
2017 11 07 18 47
2017 11 08 07 11
2017 11 08 11 07
2017 11 08 12 27
2017 11 08 17 38
2017 11 09 00 27
2017 11 09 07 43
2017 11 09 09 14
2017 11 09 17 07
2017 11 09 19 23
2017 11 10 05 44
2017 11 10 17 55
2017 11 10 21 27
2017 11 11 03 59
2017 11 11 05 22
2017 11 11 15 18
2017 11 12 01 22
2017 11 12 02 28
2017 11 13 07 05
2017 11 13 10 03
2017 11 13 12 37
2017 11 13 16 37
2017 11 13 19 13
2017 11 14 12 08
2017 11 14 23 16
2017 11 16 09 27
2017 11 17 13 19
2017 11 18 02 31
2017 11 18 04 55
2017 11 18 05 45
2017 11 19 04 22
2017 11 19 09 23
2017 11 19 14 27
2017 11 19 22 27
2017 11 20 04 18
2017 11 20 06 50
2017 11 20 10 48
2017 11 20 13 38
2017 11 20 17 20
2017 11 20 21 19
2017 11 20 22 18
2017 11 21 01 02
2017 11 21 05 36
2017 11 21 13 44
2017 11 21 14 35
2017 11 21 16 34
2017 11 21 19 58
2017 11 22 07 40
2017 11 22 11 55
2017 11 23 00 26
2017 11 23 03 12
2017 11 23 04 09
2017 11 23 05 48
2017 11 23 19 34
2017 11 23 23 37
2017 11 24 10 04
2017 11 24 18 16
2017 11 25 05 49
2017 11 25 07 25
2017 11 25 12 08
2017 11 26 03 28
2017 11 26 10 02
2017 11 26 12 17
2017 11 26 19 28
2017 11 27 04 19
2017 11 27 20 57
2017 11 28 01 55
2017 11 28 17 03
2017 11 28 20 22
2017 12 01 00 19
2017 12 01 04 43
2017 12 01 12 58
2017 12 01 16 12
2017 12 02 09 51
2017 12 02 22 24
2017 12 03 12 18
2017 12 03 12 57
2017 12 03 15 31
2017 12 03 17 26
2017 12 03 22 34
2017 12 04 01 00
2017 12 04 06 42
2017 12 04 14 08
2017 12 04 22 10
2017 12 05 06 51
2017 12 05 08 15
2017 12 05 19 09
2017 12 05 20 49
2017 12 05 23 49
2017 12 06 02 14
2017 12 06 06 47
2017 12 07 04 16
2017 12 07 18 04
2017 12 08 00 24
2017 12 08 04 14
2017 12 08 05 07
2017 12 08 15 11
2017 12 08 20 29
2017 12 08 21 03
2017 12 09 11 17
2017 12 09 23 22
2017 12 10 04 35
2017 12 12 03 49
2017 12 12 19 50
2017 12 13 06 19
2017 12 13 07 15
2017 12 13 07 28
2017 12 13 11 38
2017 12 13 18 25
2017 12 13 19 14
2017 12 13 20 35
2017 12 13 21 18
2017 12 13 22 32
2017 12 13 23 14
2017 12 15 04 50
2017 12 15 15 19
2017 12 15 19 47
2017 12 15 22 53
2017 12 15 23 35
2017 12 16 04 15
2017 12 16 14 13
2017 12 16 19 14
2017 12 17 07 43
2017 12 17 13 01
2017 12 18 01 19
2017 12 18 06 55
2017 12 18 12 43
2017 12 18 19 26
2017 12 19 00 31
2017 12 19 01 32
2017 12 19 23 50
2017 12 20 00 23
2017 12 20 15 31
2017 12 21 02 16
2017 12 22 02 41
2017 12 22 12 02
2017 12 22 17 31
2017 12 23 04 07
2017 12 23 06 56
2017 12 23 17 20
2017 12 23 21 35
2017 12 24 06 00
2017 12 24 19 52
2017 12 24 22 43
2017 12 24 22 58
2017 12 25 02 15
2017 12 25 09 31
2017 12 25 10 51
2017 12 25 12 16
2017 12 25 13 40
2017 12 25 19 06
2017 12 26 01 47
2017 12 26 02 27
2017 12 26 08 05
2017 12 26 23 43
2017 12 27 09 43
2017 12 27 16 11
2017 12 28 11 02
2017 12 28 20 46
2018 01 01 09 53
2018 01 01 14 38
2018 01 02 02 52
2018 01 03 00 29
2018 01 03 08 42
2018 01 03 09 55
2018 01 04 14 22
2018 01 04 17 41
2018 01 05 01 18
2018 01 05 03 20
2018 01 05 18 25
2018 01 06 04 56
2018 01 06 10 34
2018 01 07 00 46
2018 01 07 01 03
2018 01 07 15 46
2018 01 07 17 17
2018 01 07 19 53
2018 01 08 06 34
2018 01 08 10 11
2018 01 08 14 18
2018 01 08 16 03
2018 01 08 16 16
2018 01 08 18 17
2018 01 08 20 20
2018 01 09 06 27
2018 01 09 22 39
2018 01 10 13 41
2018 01 10 22 43
2018 01 11 19 22
2018 01 12 01 54
2018 01 12 07 12
2018 01 12 09 10
2018 01 12 15 57
2018 01 12 16 16
2018 01 12 20 54
2018 01 13 12 51
2018 01 14 04 09
2018 01 14 06 26
2018 01 14 11 01
2018 01 14 23 45
2018 01 15 08 02
2018 01 15 11 16
2018 01 15 12 57
2018 01 15 16 33
2018 01 15 17 32
2018 01 16 20 05
2018 01 17 02 23
2018 01 17 02 39
2018 01 17 05 15
2018 01 17 14 12
2018 01 17 16 29
2018 01 18 10 52
2018 01 18 12 46
2018 01 18 21 59
2018 01 19 08 52
2018 01 19 16 02
2018 01 20 07 40
2018 01 20 10 25
2018 01 20 19 08
2018 01 21 01 53
2018 01 22 06 52
2018 01 22 19 19
2018 01 22 22 40
2018 01 22 23 09
2018 01 23 03 50
2018 01 23 20 17
2018 01 24 01 44
2018 01 24 11 24
2018 01 25 00 52
2018 01 25 03 06
2018 01 25 07 19
2018 01 26 20 03
2018 01 27 00 38
2018 01 27 09 38
2018 01 27 11 35
2018 01 27 18 03
2018 01 27 20 12
2018 01 27 22 56
2018 01 28 01 47
2018 01 28 15 32
2018 02 01 03 47
2018 02 01 05 34
2018 02 02 06 45
2018 02 02 20 27
2018 02 02 20 29
2018 02 03 01 56
2018 02 03 15 20
2018 02 03 15 31
2018 02 04 17 11
2018 02 04 18 16
2018 02 04 19 35
2018 02 05 04 06
2018 02 05 10 49
2018 02 05 11 19
2018 02 05 14 23
2018 02 05 20 21
2018 02 06 05 04
2018 02 07 05 32
2018 02 07 06 05
2018 02 07 18 40
2018 02 09 01 36
2018 02 09 02 09
2018 02 09 05 44
2018 02 09 09 43
2018 02 09 13 06
2018 02 09 14 30
2018 02 09 21 37
2018 02 10 03 35
2018 02 10 05 25
2018 02 10 07 11
2018 02 10 21 49
2018 02 11 04 44
2018 02 12 00 31
2018 02 12 07 36
2018 02 12 09 07
2018 02 12 13 50
2018 02 12 14 30
2018 02 13 04 47
2018 02 13 05 49
2018 02 13 16 10
2018 02 13 18 23
2018 02 14 04 24
2018 02 15 00 00
2018 02 15 10 42
2018 02 15 14 44
2018 02 16 01 05
2018 02 16 07 06
2018 02 16 08 30
2018 02 16 14 32
2018 02 16 16 01
2018 02 17 03 02
2018 02 17 17 37
2018 02 17 19 01
2018 02 18 08 41
2018 02 18 12 37
2018 02 19 01 00
2018 02 19 01 44
2018 02 19 08 12
2018 02 20 01 43
2018 02 21 05 15
2018 02 21 20 07
2018 02 22 03 46
2018 02 22 04 46
2018 02 22 10 54
2018 02 22 12 32
2018 02 23 00 44
2018 02 23 01 08
2018 02 23 14 52
2018 02 23 16 45
2018 02 23 17 27
2018 02 23 20 40
2018 02 24 00 52
2018 02 24 20 49
2018 02 25 02 11
2018 02 25 03 30
2018 02 25 07 50
2018 02 25 08 49
2018 02 25 11 02
2018 02 25 17 19
2018 02 25 17 26
2018 02 26 08 58
2018 02 26 12 34
2018 02 26 15 32
2018 02 26 16 55
2018 02 26 21 32
2018 02 26 22 01
2018 02 26 22 52
2018 02 27 19 40
2018 02 28 03 01
2018 02 28 15 00
2018 02 28 15 00
2018 03 01 01 12
2018 03 01 02 25
2018 03 01 08 16
2018 03 01 17 45
2018 03 01 22 38
2018 03 02 04 55
2018 03 02 11 17
2018 03 02 13 48
2018 03 03 13 54
2018 03 03 15 12
2018 03 04 01 50
2018 03 04 06 34
2018 03 04 13 45
2018 03 04 14 20
2018 03 04 17 33
2018 03 04 20 14
2018 03 05 23 30
2018 03 06 15 33
2018 03 07 02 25
2018 03 07 06 15
2018 03 08 10 40
2018 03 08 11 53
2018 03 08 19 07
2018 03 08 19 34
2018 03 08 22 37
2018 03 09 06 09
2018 03 10 14 38
2018 03 11 03 16
2018 03 11 09 15
2018 03 11 16 01
2018 03 11 18 50
2018 03 12 04 59
2018 03 12 10 58
2018 03 13 00 35
2018 03 13 10 32
2018 03 14 02 10
2018 03 14 07 17
2018 03 14 11 09
2018 03 14 15 08
2018 03 15 01 09
2018 03 15 03 08
2018 03 15 03 56
2018 03 16 10 00
2018 03 16 14 10
2018 03 16 17 51
2018 03 16 22 54
2018 03 17 08 18
2018 03 17 11 47
2018 03 17 13 25
2018 03 17 20 45
2018 03 18 12 56
2018 03 18 21 57
2018 03 19 00 21
2018 03 19 01 45
2018 03 19 19 10
2018 03 20 23 26
2018 03 21 03 33
2018 03 21 13 45
2018 03 21 17 59
2018 03 22 04 04
2018 03 22 09 46
2018 03 23 01 51
2018 03 23 07 06
2018 03 23 15 29
2018 03 23 22 31
2018 03 24 03 18
2018 03 24 18 12
2018 03 24 22 25
2018 03 25 03 36
2018 03 26 03 46
2018 03 26 08 51
2018 03 27 00 40
2018 03 28 01 07
2018 03 28 02 46
2018 03 28 20 43
2018 04 01 06 26
2018 04 01 23 09
2018 04 02 01 43
2018 04 02 18 00
2018 04 02 23 31
2018 04 03 00 19
2018 04 03 17 28
2018 04 03 19 54
2018 04 04 09 39
2018 04 04 15 22
2018 04 05 10 21
2018 04 05 13 58
2018 04 05 16 12
2018 04 05 20 55
2018 04 06 15 28
2018 04 07 00 37
2018 04 07 06 20
2018 04 07 11 20
2018 04 07 13 40
2018 04 08 14 45
2018 04 08 15 36
2018 04 08 20 35
2018 04 08 22 56
2018 04 09 04 56
2018 04 10 03 25
2018 04 10 06 04
2018 04 10 18 47
2018 04 11 06 49
2018 04 11 14 10
2018 04 12 02 40
2018 04 12 15 42
2018 04 12 16 38
2018 04 12 21 30
2018 04 13 05 04
2018 04 13 20 50
2018 04 13 22 27
2018 04 14 09 36
2018 04 14 10 13
2018 04 14 20 07
2018 04 15 12 00
2018 04 16 09 45
2018 04 16 10 55
2018 04 16 12 35
2018 04 16 18 25
2018 04 17 11 52
2018 04 17 19 57
2018 04 18 09 47
2018 04 18 15 56
2018 04 20 01 03
2018 04 20 12 00
2018 04 20 13 20
2018 04 20 16 33
2018 04 20 22 50
2018 04 20 23 04
2018 04 21 02 16
2018 04 21 04 52
2018 04 21 09 47
2018 04 21 10 13
2018 04 21 15 20
2018 04 21 17 48
2018 04 21 21 26
2018 04 21 21 31
2018 04 22 10 30
2018 04 22 16 34
2018 04 22 23 11
2018 04 23 01 19
2018 04 23 05 06
2018 04 23 13 41
2018 04 23 17 18
2018 04 23 19 25
2018 04 24 00 31
2018 04 24 02 00
2018 04 24 04 14
2018 04 24 04 50
2018 04 24 05 31
2018 04 24 06 58
2018 04 24 10 49
2018 04 25 11 47
2018 04 25 20 30
2018 04 25 21 36
2018 04 26 04 14
2018 04 26 15 14
2018 04 26 15 33
2018 04 26 20 42
2018 04 28 02 21
2018 05 01 08 12
2018 05 01 15 06
2018 05 01 22 32
2018 05 02 00 14
2018 05 02 00 51
2018 05 02 01 09
2018 05 02 14 46
2018 05 02 23 39
2018 05 03 12 24
2018 05 03 14 18
2018 05 03 16 26
2018 05 03 16 50
2018 05 03 20 43
2018 05 03 23 06
2018 05 04 15 32
2018 05 04 17 50
2018 05 04 22 28
2018 05 04 22 32
2018 05 05 01 26
2018 05 05 03 58
2018 05 05 04 16
2018 05 05 20 25
2018 05 07 05 06
2018 05 07 10 20
2018 05 07 14 28
2018 05 07 21 13
2018 05 07 23 24
2018 05 08 11 21
2018 05 08 11 51
2018 05 08 16 45
2018 05 08 21 33
2018 05 09 02 57
2018 05 10 02 54
2018 05 10 06 00
2018 05 10 15 44
2018 05 10 17 09
2018 05 10 19 30
2018 05 10 22 06
2018 05 12 02 56
2018 05 12 04 18
2018 05 12 12 37
2018 05 12 23 25
2018 05 13 04 25
2018 05 13 12 30
2018 05 13 14 00
2018 05 13 18 13
2018 05 13 23 09
2018 05 14 00 35
2018 05 14 10 46
2018 05 15 09 26
2018 05 15 20 21
2018 05 16 04 33
2018 05 16 10 20
2018 05 16 15 59
2018 05 16 16 03
2018 05 16 22 00
2018 05 17 09 22
2018 05 17 23 15
2018 05 18 01 44
2018 05 18 10 57
2018 05 18 12 02
2018 05 18 12 35
2018 05 19 05 46
2018 05 19 11 16
2018 05 19 11 59
2018 05 19 14 35
2018 05 19 16 25
2018 05 20 09 03
2018 05 20 23 18
2018 05 21 08 07
2018 05 21 10 40
2018 05 21 18 57
2018 05 22 11 53
2018 05 22 15 21
2018 05 22 19 00
2018 05 23 03 35
2018 05 23 09 52
2018 05 23 10 38
2018 05 23 16 27
2018 05 23 21 48
2018 05 24 08 02
2018 05 24 09 58
2018 05 24 10 44
2018 05 24 17 05
2018 05 25 21 32
2018 05 26 06 19
2018 05 26 11 11
2018 05 26 16 59
2018 05 26 17 30
2018 05 27 04 35
2018 05 27 09 19
2018 05 27 12 07
2018 05 28 00 25
2018 05 28 01 30
2018 05 28 05 32
2018 05 28 07 01
2018 05 28 18 19
2018 06 01 06 23
2018 06 01 13 39
2018 06 01 16 30
2018 06 01 17 50
2018 06 01 21 42
2018 06 02 01 42
2018 06 02 11 01
2018 06 03 02 12
2018 06 03 09 41
2018 06 04 17 07
2018 06 05 00 47
2018 06 05 12 43
2018 06 05 13 11
2018 06 06 18 33
2018 06 06 18 55
2018 06 07 09 36
2018 06 07 10 36
2018 06 07 13 40
2018 06 08 13 51
2018 06 09 00 15
2018 06 09 03 31
2018 06 09 10 54
2018 06 10 08 15
2018 06 10 18 11
2018 06 11 01 09
2018 06 11 04 53
2018 06 11 07 27
2018 06 11 07 34
2018 06 11 07 48
2018 06 11 12 19
2018 06 11 12 23
2018 06 11 15 56
2018 06 11 21 59
2018 06 12 08 26
2018 06 12 10 28
2018 06 12 11 52
2018 06 12 12 05
2018 06 12 15 11
2018 06 12 18 32
2018 06 12 21 29
2018 06 12 21 34
2018 06 13 04 10
2018 06 13 08 22
2018 06 13 09 13
2018 06 15 00 58
2018 06 15 09 45
2018 06 15 13 39
2018 06 15 16 22
2018 06 15 21 51
2018 06 15 22 01
2018 06 15 22 34
2018 06 16 13 10
2018 06 16 19 49
2018 06 17 05 56
2018 06 17 10 29
2018 06 17 15 44
2018 06 17 16 16
2018 06 17 19 45
2018 06 18 04 41
2018 06 18 11 55
2018 06 18 13 34
2018 06 19 05 26
2018 06 19 19 31
2018 06 19 23 49
2018 06 20 08 37
2018 06 20 10 49
2018 06 20 13 34
2018 06 20 16 28
2018 06 21 03 23
2018 06 21 21 28
2018 06 21 22 45
2018 06 22 06 29
2018 06 22 20 45
2018 06 23 07 09
2018 06 23 12 06
2018 06 23 14 16
2018 06 24 11 41
2018 06 24 18 08
2018 06 25 05 42
2018 06 25 20 24
2018 06 25 20 30
2018 06 25 22 00
2018 06 26 06 25
2018 06 26 23 34
2018 06 27 15 23
2018 06 27 17 23
2018 06 28 02 25
2018 06 28 22 06
2018 07 01 07 48
2018 07 01 12 47
2018 07 01 15 23
2018 07 02 05 36
2018 07 02 22 14
2018 07 02 23 50
2018 07 03 12 30
2018 07 03 12 34
2018 07 03 16 12
2018 07 04 02 09
2018 07 04 21 23
2018 07 05 00 42
2018 07 05 05 05
2018 07 05 06 41
2018 07 05 07 13
2018 07 05 13 05
2018 07 05 15 40
2018 07 05 16 09
2018 07 05 19 53
2018 07 05 23 43
2018 07 06 04 56
2018 07 06 11 18
2018 07 07 05 16
2018 07 07 11 32
2018 07 07 14 35
2018 07 07 15 57
2018 07 07 16 21
2018 07 07 19 33
2018 07 07 23 49
2018 07 08 13 09
2018 07 08 14 31
2018 07 09 06 55
2018 07 09 10 44
2018 07 10 05 02
2018 07 10 14 40
2018 07 10 15 27
2018 07 10 16 46
2018 07 11 11 41
2018 07 11 14 52
2018 07 11 15 36
2018 07 11 20 13
2018 07 11 23 19
2018 07 12 02 48
2018 07 12 04 28
2018 07 12 12 55
2018 07 12 19 16
2018 07 13 02 08
2018 07 13 03 39
2018 07 13 16 48
2018 07 13 19 49
2018 07 13 20 13
2018 07 16 06 34
2018 07 17 14 35
2018 07 18 22 17
2018 07 19 07 40
2018 07 19 07 50
2018 07 19 21 20
2018 07 20 08 55
2018 07 20 20 37
2018 07 21 17 26
2018 07 22 07 21
2018 07 22 07 52
2018 07 22 14 54
2018 07 22 18 49
2018 07 23 02 04
2018 07 24 01 52
2018 07 24 11 28
2018 07 24 15 31
2018 07 24 16 39
2018 07 24 20 38
2018 07 24 23 00
2018 07 25 05 19
2018 07 25 11 04
2018 07 25 19 56
2018 07 26 15 06
2018 07 26 16 02
2018 07 27 03 23
2018 07 27 08 15
2018 07 27 14 14
2018 07 28 03 24
2018 08 01 06 31
2018 08 01 08 08
2018 08 01 11 45
2018 08 01 12 27
2018 08 01 18 00
2018 08 02 05 13
2018 08 02 17 56
2018 08 03 14 33
2018 08 04 13 54
2018 08 04 17 14
2018 08 05 10 29
2018 08 05 12 29
2018 08 06 22 37
2018 08 07 02 41
2018 08 07 08 23
2018 08 08 05 40
2018 08 08 05 57
2018 08 09 07 58
2018 08 10 14 15
2018 08 10 18 29
2018 08 11 01 51
2018 08 11 10 38
2018 08 11 20 23
2018 08 11 20 26
2018 08 12 11 42
2018 08 12 11 42
2018 08 12 14 41
2018 08 12 20 43
2018 08 13 07 27
2018 08 13 21 52
2018 08 14 02 43
2018 08 14 10 26
2018 08 14 15 03
2018 08 14 23 14
2018 08 15 02 22
2018 08 15 07 43
2018 08 15 12 13
2018 08 15 17 52
2018 08 16 03 05
2018 08 17 01 23
2018 08 17 07 32
2018 08 18 11 08
2018 08 18 18 03
2018 08 19 08 38
2018 08 19 14 25
2018 08 20 02 37
2018 08 20 06 47
2018 08 20 07 39
2018 08 20 11 02
2018 08 20 13 16
2018 08 20 15 30
2018 08 20 17 56
2018 08 20 18 41
2018 08 21 08 44
2018 08 21 17 04
2018 08 22 14 53
2018 08 22 18 08
2018 08 23 00 20
2018 08 23 02 13
2018 08 23 06 10
2018 08 23 19 09
2018 08 24 00 23
2018 08 24 01 11
2018 08 24 07 07
2018 08 24 11 42
2018 08 24 14 24
2018 08 24 15 26
2018 08 24 15 47
2018 08 24 16 40
2018 08 25 03 30
2018 08 25 07 51
2018 08 25 10 56
2018 08 25 19 20
2018 08 26 00 46
2018 08 26 00 56
2018 08 26 01 15
2018 08 26 03 31
2018 08 26 13 21
2018 08 26 16 52
2018 08 27 00 57
2018 08 27 08 04
2018 08 27 10 38
2018 08 27 14 24
2018 08 28 01 15
2018 08 28 05 29
2018 08 28 15 11
2018 08 28 19 58
2018 09 01 05 59
2018 09 01 08 20
2018 09 01 10 30
2018 09 01 21 10
2018 09 02 01 27
2018 09 02 06 12
2018 09 02 19 06
2018 09 03 23 58
2018 09 04 07 54
2018 09 04 16 16
2018 09 04 16 59
2018 09 04 20 02
2018 09 05 01 44
2018 09 05 01 53
2018 09 05 15 58
2018 09 05 16 26
2018 09 05 17 03
2018 09 05 18 03
2018 09 05 18 05
2018 09 05 23 38
2018 09 07 15 23
2018 09 07 21 58
2018 09 08 02 00
2018 09 08 03 57
2018 09 08 08 46
2018 09 08 11 21
2018 09 09 08 55
2018 09 09 16 43
2018 09 09 22 45
2018 09 10 05 36
2018 09 10 16 44
2018 09 11 00 19
2018 09 11 08 55
2018 09 12 01 49
2018 09 12 05 58
2018 09 12 21 12
2018 09 12 23 28
2018 09 13 00 34
2018 09 13 01 03
2018 09 13 07 52
2018 09 13 15 41
2018 09 13 17 49
2018 09 14 02 59
2018 09 14 10 49
2018 09 14 15 59
2018 09 16 15 13
2018 09 16 17 11
2018 09 17 05 56
2018 09 17 06 34
2018 09 17 06 38
2018 09 17 12 17
2018 09 17 13 26
2018 09 17 16 58
2018 09 17 19 43
2018 09 19 08 10
2018 09 19 11 04
2018 09 19 13 54
2018 09 21 04 53
2018 09 22 07 08
2018 09 22 07 11
2018 09 22 15 21
2018 09 22 16 49
2018 09 22 16 52
2018 09 23 05 25
2018 09 23 08 31
2018 09 23 08 43
2018 09 23 20 16
2018 09 24 03 09
2018 09 24 06 14
2018 09 24 14 17
2018 09 24 19 49
2018 09 24 23 13
2018 09 25 10 17
2018 09 25 13 01
2018 09 25 13 49
2018 09 25 16 42
2018 09 25 22 58
2018 09 26 00 25
2018 09 26 04 36
2018 09 26 23 46
2018 09 27 10 19
2018 09 27 16 15
2018 09 27 22 09
2018 09 28 01 12
2018 09 28 08 00
2018 09 28 21 34
2018 09 28 23 51
2018 10 01 02 09
2018 10 01 06 48
2018 10 01 11 40
2018 10 01 12 22
2018 10 02 03 46
2018 10 02 05 15
2018 10 02 06 32
2018 10 02 13 00
2018 10 02 16 54
2018 10 02 22 14
2018 10 02 22 34
2018 10 04 00 50
2018 10 04 12 56
2018 10 04 14 57
2018 10 05 18 24
2018 10 06 08 33
2018 10 06 10 11
2018 10 07 22 33
2018 10 08 01 38
2018 10 08 07 43
2018 10 09 00 09
2018 10 09 04 11
2018 10 10 07 04
2018 10 10 17 07
2018 10 11 18 39
2018 10 11 22 11
2018 10 12 10 38
2018 10 12 23 13
2018 10 13 01 20
2018 10 13 07 06
2018 10 13 15 28
2018 10 13 18 51
2018 10 14 03 24
2018 10 14 07 02
2018 10 14 09 06
2018 10 15 08 31
2018 10 15 10 34
2018 10 15 11 44
2018 10 15 23 59
2018 10 16 01 11
2018 10 16 01 49
2018 10 16 02 34
2018 10 16 03 56
2018 10 17 08 47
2018 10 17 14 38
2018 10 17 20 45
2018 10 17 22 57
2018 10 18 02 12
2018 10 18 21 37
2018 10 19 00 51
2018 10 20 16 28
2018 10 22 17 31
2018 10 22 23 30
2018 10 23 03 20
2018 10 24 00 29
2018 10 24 03 46
2018 10 24 09 32
2018 10 24 13 53
2018 10 24 17 30
2018 10 25 02 11
2018 10 25 11 46
2018 10 25 12 13
2018 10 25 15 03
2018 10 26 06 40
2018 10 26 10 42
2018 10 26 21 13
2018 10 27 04 02
2018 10 27 04 22
2018 10 27 09 25
2018 10 27 14 42
2018 10 27 22 37
2018 10 28 08 18
2018 10 28 20 58
2018 10 28 21 06
2018 11 01 01 46
2018 11 01 13 43
2018 11 01 15 13
2018 11 01 21 40
2018 11 01 23 27
2018 11 02 02 31
2018 11 02 16 08
2018 11 02 17 51
2018 11 03 02 16
2018 11 03 05 00
2018 11 03 08 04
2018 11 03 10 56
2018 11 03 13 54
2018 11 04 14 37
2018 11 04 20 09
2018 11 05 02 58
2018 11 05 06 12
2018 11 05 07 29
2018 11 05 20 38
2018 11 05 22 49
2018 11 07 06 10
2018 11 07 07 58
2018 11 07 14 46
2018 11 07 17 33
2018 11 07 21 43
2018 11 08 09 55
2018 11 08 13 15
2018 11 08 14 32
2018 11 08 15 49
2018 11 08 16 31
2018 11 08 21 30
2018 11 09 22 51
2018 11 10 01 42
2018 11 10 15 57
2018 11 11 04 04
2018 11 11 12 10
2018 11 12 16 41
2018 11 12 20 26
2018 11 12 23 31
2018 11 13 08 42
2018 11 13 22 37
2018 11 14 14 58
2018 11 14 19 29
2018 11 15 16 19
2018 11 15 19 50
2018 11 16 04 00
2018 11 16 10 29
2018 11 16 23 55
2018 11 17 17 31
2018 11 17 22 47
2018 11 18 00 49
2018 11 18 02 33
2018 11 18 05 49
2018 11 18 15 51
2018 11 18 18 10
2018 11 18 22 28
2018 11 19 01 38
2018 11 19 03 42
2018 11 19 04 40
2018 11 19 09 43
2018 11 19 16 38
2018 11 19 21 18
2018 11 20 00 39
2018 11 20 09 54
2018 11 20 13 08
2018 11 21 06 19
2018 11 21 08 42
2018 11 21 17 04
2018 11 22 14 10
2018 11 23 11 36
2018 11 23 20 03
2018 11 23 20 58
2018 11 24 03 31
2018 11 25 18 13
2018 11 26 00 39
2018 11 26 03 13
2018 11 26 05 16
2018 11 26 17 18
2018 11 27 02 00
2018 11 27 11 20
2018 11 27 23 46
2018 11 28 16 57
2018 12 01 22 28
2018 12 02 04 57
2018 12 02 13 36
2018 12 02 19 36
2018 12 03 02 43
2018 12 03 04 06
2018 12 03 22 43
2018 12 04 01 07
2018 12 04 01 35
2018 12 04 05 43
2018 12 04 20 31
2018 12 05 04 23
2018 12 05 16 53
2018 12 05 18 22
2018 12 05 20 25
2018 12 05 22 40
2018 12 06 09 52
2018 12 06 23 42
2018 12 07 15 14
2018 12 07 18 05
2018 12 08 01 13
2018 12 08 12 50
2018 12 08 15 14
2018 12 09 00 41
2018 12 09 09 48
2018 12 10 01 27
2018 12 10 11 18
2018 12 10 11 55
2018 12 10 20 57
2018 12 11 04 31
2018 12 11 05 58
2018 12 12 06 15
2018 12 12 06 17
2018 12 13 06 28
2018 12 13 10 40
2018 12 13 17 40
2018 12 13 19 23
2018 12 13 21 51
2018 12 13 22 52
2018 12 13 23 27
2018 12 14 19 15
2018 12 15 10 08
2018 12 15 13 20
2018 12 15 17 19
2018 12 15 19 40
2018 12 16 04 27
2018 12 16 12 09
2018 12 16 14 46
2018 12 16 22 08
2018 12 17 00 58
2018 12 17 02 34
2018 12 17 03 36
2018 12 17 09 36
2018 12 18 00 26
2018 12 18 13 48
2018 12 18 23 06
2018 12 19 05 54
2018 12 19 09 58
2018 12 19 22 52
2018 12 20 08 32
2018 12 20 12 48
2018 12 20 15 31
2018 12 20 22 41
2018 12 22 04 03
2018 12 22 04 07
2018 12 22 06 59
2018 12 23 14 28
2018 12 23 22 36
2018 12 23 23 12
2018 12 24 23 33
2018 12 25 02 23
2018 12 25 04 29
2018 12 27 13 34
2018 12 27 14 29
2018 12 28 01 04
2018 12 28 11 37
